 ==================================================================
              SRIM version ---> SRIM-2013.00
              Calc. date   ---> outubro 08, 2025 
 ==================================================================

 Disk File Name = SRIM Outputs\4He_950mbar_95-5.txt

 Ion = Helium [2] , Mass = 4,003 amu

 Target Density =  1,8790E-04 g/cm3 = 6,1028E+19 atoms/cm3
 Target is a GAS 
 ======= Target  Composition ========
    Atom   Atom   Atomic    Mass     
    Name   Numb   Percent   Percent  
    ----   ----   -------   -------  
      H      1    019,23    010,45   
      C      6    007,69    049,82   
      H      1    073,08    039,73   
 ====================================
 Bragg Correction = 3,27%
 Stopping Units =  MeV / mm       
 See bottom of Table for other Stopping units 

        Ion        dE/dx      dE/dx     Projected  Longitudinal   Lateral
       Energy      Elec.      Nuclear     Range     Straggling   Straggling
  --------------  ---------- ---------- ----------  ----------  ----------
999,999 eV    3,348E-03  1,143E-02   54,86 um    17,85 um    13,58 um  
   1,10 keV   3,512E-03  1,112E-02   60,53 um    19,48 um    14,83 um  
   1,20 keV   3,668E-03  1,083E-02   66,26 um    21,10 um    16,09 um  
   1,30 keV   3,818E-03  1,056E-02   72,07 um    22,71 um    17,36 um  
   1,40 keV   3,962E-03  1,030E-02   77,95 um    24,32 um    18,63 um  
   1,50 keV   4,101E-03  1,006E-02   83,88 um    25,92 um    19,90 um  
   1,60 keV   4,235E-03  9,829E-03   89,88 um    27,52 um    21,18 um  
   1,70 keV   4,366E-03  9,610E-03   95,93 um    29,11 um    22,47 um  
   1,80 keV   4,492E-03  9,402E-03  102,03 um    30,69 um    23,76 um  
   2,00 keV   4,735E-03  9,016E-03  114,37 um    33,84 um    26,36 um  
   2,25 keV   5,023E-03  8,583E-03  130,05 um    37,73 um    29,62 um  
   2,50 keV   5,294E-03  8,197E-03  145,94 um    41,55 um    32,91 um  
   2,75 keV   5,553E-03  7,850E-03  162,02 um    45,31 um    36,19 um  
   3,00 keV   5,800E-03  7,536E-03  178,25 um    49,00 um    39,48 um  
   3,25 keV   6,036E-03  7,250E-03  194,62 um    52,62 um    42,76 um  
   3,50 keV   6,264E-03  6,989E-03  211,09 um    56,17 um    46,04 um  
   3,75 keV   6,484E-03  6,749E-03  227,65 um    59,64 um    49,30 um  
   4,00 keV   6,697E-03  6,528E-03  244,27 um    63,05 um    52,55 um  
   4,50 keV   7,103E-03  6,134E-03  277,67 um    69,71 um    59,00 um  
   5,00 keV   7,487E-03  5,791E-03  311,17 um    76,08 um    65,35 um  
   5,50 keV   7,853E-03  5,491E-03  344,69 um    82,19 um    71,60 um  
   6,00 keV   8,202E-03  5,225E-03  378,17 um    88,05 um    77,73 um  
   6,50 keV   8,537E-03  4,987E-03  411,56 um    93,67 um    83,74 um  
   7,00 keV   8,859E-03  4,773E-03  444,82 um    99,06 um    89,63 um  
   8,00 keV   9,470E-03  4,404E-03  510,85 um   109,34 um   101,03 um  
   9,00 keV   1,007E-02  4,094E-03  576,00 um   118,83 um   111,92 um  
  10,00 keV   1,064E-02  3,831E-03  640,13 um   127,58 um   122,31 um  
  11,00 keV   1,119E-02  3,604E-03  703,17 um   135,69 um   132,21 um  
  12,00 keV   1,172E-02  3,406E-03  765,12 um   143,22 um   141,66 um  
  13,00 keV   1,223E-02  3,231E-03  825,96 um   150,23 um   150,66 um  
  14,00 keV   1,272E-02  3,076E-03  885,71 um   156,78 um   159,26 um  
  15,00 keV   1,319E-02  2,936E-03  944,39 um   162,92 um   167,48 um  
  16,00 keV   1,365E-02  2,811E-03    1,00 mm   168,67 um   175,34 um  
  17,00 keV   1,410E-02  2,697E-03    1,06 mm   174,08 um   182,86 um  
  18,00 keV   1,454E-02  2,592E-03    1,11 mm   179,18 um   190,07 um  
  20,00 keV   1,538E-02  2,409E-03    1,22 mm   188,82 um   203,62 um  
  22,50 keV   1,639E-02  2,218E-03    1,35 mm   199,64 um   219,13 um  
  25,00 keV   1,734E-02  2,057E-03    1,48 mm   209,17 um   233,27 um  
  27,50 keV   1,825E-02  1,921E-03    1,60 mm   217,65 um   246,21 um  
  30,00 keV   1,912E-02  1,803E-03    1,72 mm   225,26 um   258,12 um  
  32,50 keV   1,996E-02  1,701E-03    1,83 mm   232,14 um   269,14 um  
  35,00 keV   2,076E-02  1,610E-03    1,94 mm   238,39 um   279,38 um  
  37,50 keV   2,154E-02  1,530E-03    2,05 mm   244,10 um   288,91 um  
  40,00 keV   2,228E-02  1,458E-03    2,15 mm   249,35 um   297,84 um  
  45,00 keV   2,399E-02  1,335E-03    2,35 mm   259,32 um   314,01 um  
  50,00 keV   2,630E-02  1,233E-03    2,53 mm   267,64 um   328,09 um  
  55,00 keV   2,823E-02  1,146E-03    2,71 mm   274,61 um   340,40 um  
  60,00 keV   2,998E-02  1,072E-03    2,87 mm   280,62 um   351,30 um  
  65,00 keV   3,161E-02  1,008E-03    3,02 mm   285,87 um   361,07 um  
  70,00 keV   3,317E-02  9,517E-04    3,17 mm   290,52 um   369,90 um  
  80,00 keV   3,612E-02  8,575E-04    3,45 mm   299,64 um   385,25 um  
  90,00 keV   3,889E-02  7,817E-04    3,70 mm   307,12 um   398,21 um  
 100,00 keV   4,153E-02  7,191E-04    3,95 mm   313,39 um   409,33 um  
 110,00 keV   4,405E-02  6,666E-04    4,17 mm   318,74 um   419,02 um  
 120,00 keV   4,646E-02  6,219E-04    4,39 mm   323,39 um   427,56 um  
 130,00 keV   4,877E-02  5,832E-04    4,60 mm   327,46 um   435,16 um  
 140,00 keV   5,099E-02  5,494E-04    4,79 mm   331,07 um   441,98 um  
 150,00 keV   5,312E-02  5,196E-04    4,98 mm   334,31 um   448,14 um  
 160,00 keV   5,516E-02  4,931E-04    5,16 mm   337,23 um   453,76 um  
 170,00 keV   5,713E-02  4,694E-04    5,34 mm   339,88 um   458,90 um  
 180,00 keV   5,902E-02  4,481E-04    5,51 mm   342,31 um   463,63 um  
 200,00 keV   6,257E-02  4,111E-04    5,83 mm   348,11 um   472,07 um  
 225,00 keV   6,662E-02  3,732E-04    6,22 mm   355,13 um   481,10 um  
 250,00 keV   7,037E-02  3,422E-04    6,58 mm   361,14 um   488,85 um  
 275,00 keV   7,394E-02  3,162E-04    6,92 mm   366,40 um   495,61 um  
 300,00 keV   7,720E-02  2,942E-04    7,25 mm   371,05 um   501,57 um  
 325,00 keV   8,017E-02  2,752E-04    7,57 mm   375,24 um   506,90 um  
 350,00 keV   8,284E-02  2,587E-04    7,87 mm   379,05 um   511,71 um  
 375,00 keV   8,524E-02  2,442E-04    8,17 mm   382,55 um   516,11 um  
 400,00 keV   8,738E-02  2,313E-04    8,45 mm   385,81 um   520,14 um  
 450,00 keV   9,093E-02  2,095E-04    9,01 mm   395,69 um   527,37 um  
 500,00 keV   9,360E-02  1,917E-04    9,55 mm   404,60 um   533,74 um  
 550,00 keV   9,551E-02  1,768E-04   10,08 mm   412,83 um   539,45 um  
 600,00 keV   9,679E-02  1,642E-04   10,60 mm   420,57 um   544,68 um  
 650,00 keV   9,754E-02  1,534E-04   11,11 mm   427,95 um   549,52 um  
 700,00 keV   9,787E-02  1,440E-04   11,62 mm   435,07 um   554,06 um  
 800,00 keV   9,759E-02  1,285E-04   12,64 mm   460,29 um   562,47 um  
 900,00 keV   9,328E-02  1,162E-04   13,69 mm   485,23 um   570,38 um  
   1,00 MeV   8,880E-02  1,061E-04   14,79 mm   511,09 um   578,14 um  
   1,10 MeV   8,441E-02  9,774E-05   15,94 mm   538,13 um   585,88 um  
   1,20 MeV   8,023E-02  9,066E-05   17,15 mm   566,47 um   593,72 um  
   1,30 MeV   7,631E-02  8,460E-05   18,43 mm   596,17 um   601,74 um  
   1,40 MeV   7,267E-02  7,934E-05   19,77 mm   627,29 um   610,02 um  
   1,50 MeV   6,930E-02  7,473E-05   21,18 mm   659,80 um   618,60 um  
   1,60 MeV   6,619E-02  7,066E-05   22,65 mm   693,71 um   627,54 um  
   1,70 MeV   6,356E-02  6,703E-05   24,19 mm   728,86 um   636,87 um  
   1,80 MeV   6,114E-02  6,377E-05   25,80 mm   765,09 um   646,59 um  
   2,00 MeV   5,682E-02  5,817E-05   29,19 mm   906,30 um   667,35 um  
   2,25 MeV   5,227E-02  5,248E-05   33,77 mm     1,12 mm   695,99 um  
   2,50 MeV   4,845E-02  4,785E-05   38,73 mm     1,32 mm   727,86 um  
   2,75 MeV   4,521E-02  4,402E-05   44,07 mm     1,53 mm   763,15 um  
   3,00 MeV   4,242E-02  4,077E-05   49,77 mm     1,73 mm   801,98 um  
   3,25 MeV   3,999E-02  3,800E-05   55,84 mm     1,94 mm   844,42 um  
   3,50 MeV   3,785E-02  3,560E-05   62,26 mm     2,14 mm   890,49 um  
   3,75 MeV   3,595E-02  3,350E-05   69,03 mm     2,35 mm   940,20 um  
   4,00 MeV   3,425E-02  3,164E-05   76,15 mm     2,56 mm   993,53 um  
   4,50 MeV   3,132E-02  2,851E-05   91,41 mm     3,36 mm     1,11 mm  
   5,00 MeV   2,888E-02  2,597E-05  108,03 mm     4,11 mm     1,24 mm  
   5,50 MeV   2,682E-02  2,386E-05  125,98 mm     4,84 mm     1,39 mm  
   6,00 MeV   2,505E-02  2,209E-05  145,26 mm     5,57 mm     1,54 mm  
   6,50 MeV   2,351E-02  2,057E-05  165,85 mm     6,29 mm     1,72 mm  
   7,00 MeV   2,216E-02  1,926E-05  187,74 mm     7,02 mm     1,90 mm  
   8,00 MeV   1,989E-02  1,709E-05  235,35 mm     9,75 mm     2,30 mm  
   9,00 MeV   1,822E-02  1,539E-05  287,84 mm    12,28 mm     2,74 mm  
  10,00 MeV   1,668E-02  1,400E-05  345,18 mm    14,74 mm     3,23 mm  
  11,00 MeV   1,546E-02  1,286E-05  407,43 mm    17,19 mm     3,76 mm  
  12,00 MeV   1,442E-02  1,189E-05  474,39 mm    19,66 mm     4,33 mm  
  13,00 MeV   1,352E-02  1,107E-05  545,99 mm    22,14 mm     4,94 mm  
  14,00 MeV   1,273E-02  1,036E-05  622,17 mm    24,65 mm     5,58 mm  
  15,00 MeV   1,204E-02  9,733E-06  702,89 mm    27,20 mm     6,27 mm  
  16,00 MeV   1,142E-02  9,184E-06  788,11 mm    29,79 mm     6,99 mm  
  17,00 MeV   1,087E-02  8,696E-06  877,77 mm    32,42 mm     7,75 mm  
  18,00 MeV   1,038E-02  8,259E-06  971,84 mm    35,08 mm     8,54 mm  
  20,00 MeV   9,521E-03  7,511E-06    1,17 m     45,24 mm    10,23 mm  
  22,50 MeV   8,642E-03  6,753E-06    1,45 m     59,81 mm    12,54 mm  
  25,00 MeV   7,923E-03  6,139E-06    1,75 m     73,60 mm    15,06 mm  
  27,50 MeV   7,322E-03  5,632E-06    2,08 m     87,12 mm    17,80 mm  
  30,00 MeV   6,813E-03  5,205E-06    2,43 m    100,59 mm    20,73 mm  
  32,50 MeV   6,375E-03  4,841E-06    2,81 m    114,12 mm    23,87 mm  
  35,00 MeV   5,994E-03  4,526E-06    3,22 m    127,78 mm    27,21 mm  
  37,50 MeV   5,659E-03  4,251E-06    3,64 m    141,60 mm    30,74 mm  
  40,00 MeV   5,363E-03  4,009E-06    4,10 m    155,62 mm    34,47 mm  
  45,00 MeV   4,861E-03  3,602E-06    5,08 m    208,62 mm    42,50 mm  
  50,00 MeV   4,451E-03  3,273E-06    6,15 m    258,44 mm    51,28 mm  
  55,00 MeV   4,110E-03  3,001E-06    7,32 m    307,12 mm    60,80 mm  
  60,00 MeV   3,822E-03  2,772E-06    8,58 m    355,53 mm    71,04 mm  
  65,00 MeV   3,574E-03  2,577E-06    9,93 m    404,12 mm    81,98 mm  
  70,00 MeV   3,359E-03  2,408E-06   11,38 m    453,13 mm    93,63 mm  
  80,00 MeV   3,005E-03  2,132E-06   14,52 m    636,04 mm   118,99 mm  
  90,00 MeV   2,723E-03  1,914E-06   18,02 m    806,46 mm   147,02 mm  
 100,00 MeV   2,494E-03  1,738E-06   21,85 m    972,94 mm   177,67 mm  
 110,00 MeV   2,304E-03  1,593E-06   26,02 m      1,14 m    210,87 mm  
 120,00 MeV   2,144E-03  1,470E-06   30,52 m      1,31 m    246,56 mm  
 130,00 MeV   2,006E-03  1,366E-06   35,34 m      1,47 m    284,69 mm  
 140,00 MeV   1,887E-03  1,277E-06   40,48 m      1,64 m    325,21 mm  
 150,00 MeV   1,783E-03  1,198E-06   45,93 m      1,82 m    368,07 mm  
 160,00 MeV   1,691E-03  1,129E-06   51,68 m      1,99 m    413,23 mm  
 170,00 MeV   1,609E-03  1,068E-06   57,74 m      2,17 m    460,66 mm  
 180,00 MeV   1,536E-03  1,013E-06   64,10 m      2,35 m    510,30 mm  
 200,00 MeV   1,410E-03  9,197E-07   77,69 m      3,04 m    616,13 mm  
 225,00 MeV   1,282E-03  8,251E-07   96,29 m      4,03 m    760,27 mm  
 250,00 MeV   1,178E-03  7,488E-07  116,63 m      4,95 m    917,08 mm  
 275,00 MeV   1,092E-03  6,858E-07  138,66 m      5,86 m      1,09 m   
 300,00 MeV   1,020E-03  6,329E-07  162,34 m      6,75 m      1,27 m   
 325,00 MeV   9,583E-04  5,878E-07  187,62 m      7,65 m      1,46 m   
 350,00 MeV   9,049E-04  5,489E-07  214,46 m      8,54 m      1,66 m   
 375,00 MeV   8,583E-04  5,150E-07  242,81 m      9,44 m      1,88 m   
 400,00 MeV   8,173E-04  4,852E-07  272,65 m     10,35 m      2,10 m   
 450,00 MeV   7,482E-04  4,351E-07  336,58 m     13,76 m      2,58 m   
 500,00 MeV   6,924E-04  3,947E-07  406,03 m     16,92 m      3,09 m   
 550,00 MeV   6,464E-04  3,613E-07  480,74 m     19,96 m      3,64 m   
 600,00 MeV   6,077E-04  3,333E-07  560,50 m     22,94 m      4,22 m   
 650,00 MeV   5,748E-04  3,095E-07  645,08 m     25,89 m      4,83 m   
 700,00 MeV   5,464E-04  2,889E-07  734,28 m     28,82 m      5,47 m   
 800,00 MeV   5,000E-04  2,552E-07  925,59 m     39,56 m      6,83 m   
 900,00 MeV   4,636E-04  2,288E-07    1,13 km    49,31 m      8,29 m   
   1,00 GeV   4,344E-04  2,075E-07    1,36 km    58,55 m      9,83 m   
-----------------------------------------------------------
 Multiply Stopping by        for Stopping Units
 -------------------        ------------------
  1,0000E-01                 eV / Angstrom 
  1,0000E+00                keV / micron   
  1,0000E+00                MeV / mm       
  5,3222E+01                keV / (ug/cm2) 
  5,3222E+01                MeV / (mg/cm2) 
  5,3222E+04                keV / (mg/cm2) 
  1,6386E+02                 eV / (1E15 atoms/cm2)
  1,7212E+01                L.S.S. reduced units
 ==================================================================
 (C) 1984,1989,1992,1998,2008 by J.P. Biersack and J.F. Ziegler
