39 35
39 554
39 815
39 1926
39 2173
39 2321
39 2378
39 2556
39 2768
39 3640
39 3969
39 4034
39 4572
39 4763
39 5331
39 5814
39 6060
39 6426
39 6863
39 6896
36 56827
36 56961
36 57124
36 57593
36 57695
36 58180
36 58209
36 58257
36 58511
36 58570
36 58835
36 58884
36 58906
36 58999
36 59422
36 59513
36 59520
36 59745
36 60368
36 60500
36 60611
36 60665
36 60703
36 61834
36 62759
36 63128
36 64216
36 64376
36 64513
36 65422
36 65786
36 65803
36 65814
36 66296
36 66380
36 66490
36 67234
36 67463
36 67685
36 67797
36 67968
36 68125
36 68862
36 69023
36 69071
36 69281
36 69895
36 70230
36 71054
36 71056
36 71111
36 71358
40 202
40 1696
40 2688
40 2819
40 2842
40 3255
40 3592
40 3768
40 4306
40 5168
40 5180
40 5274
40 6491
40 6551
40 6626
40 6659
40 6896
40 7156
40 8031
40 8473
40 9250
40 9395
40 9871
40 10970
40 11271
40 11505
40 11558
40 12336
40 12342
40 12716
40 13326
40 13954
40 14200
40 14290
40 14425
40 14534
40 14688
40 14913
40 15119
40 15303
40 15448
40 15939
40 16266
40 16576
40 16864
40 17599
40 18025
40 18088
40 18307
40 18470
40 19052
40 19082
40 19701
40 21064
40 21327
40 21663
40 22222
40 22548
40 22573
40 22948
40 23615
40 23785
40 23877
40 23890
40 24646
40 24698
40 24899
40 25450
40 25466
40 26158
40 26195
40 27025
40 27271
40 27729
40 27903
40 28346
35 86
35 432
35 494
35 837
35 1088
35 1362
35 1384
35 1433
35 1734
35 1749
35 2116
35 2169
35 2862
35 3232
35 3485
35 3618
35 3772
35 4716
35 4787
35 5156
35 5598
35 5908
35 6291
35 6603
35 7196
35 7438
35 7993
35 8408
35 8640
35 8675
35 8887
35 9269
35 9528
35 9617
35 9753
35 9889
35 10494
35 10504
35 10530
35 10724
35 10732
35 11745
35 12792
35 13640
35 13729
35 13765
35 13901
35 14063
35 14204
35 14406
35 14603
35 14720
35 14949
35 14993
35 15023
35 16124
35 16682
35 16757
35 17387
35 17448
35 17456
35 17661
35 17706
35 17849
35 17878
35 18366
35 18484
35 18576
35 18905
35 19108
35 19168
35 19196
35 19462
35 20031
35 20056
35 20975
35 21150
35 21155
35 21445
35 21755
35 22328
35 22414
35 22841
35 22942
35 22969
35 23057
35 24090
35 24481
35 24646
35 24687
35 24854
35 25150
35 25174
35 25438
35 26799
35 27025
35 27054
35 27188
35 27294
35 28074
35 28231
35 28240
35 28252
35 28587
35 28601
35 28753
35 28776
35 28912
35 29613
35 29625
35 29711
38 157
38 266
38 1209
38 1465
38 1532
38 1582
38 1851
38 1991
38 1992
38 2440
38 2530
38 2662
38 2885
38 3046
38 3056
38 3088
38 3487
38 4029
38 4268
38 4686
38 4725
38 4909
38 5081
38 5152
38 5255
38 6006
38 6085
38 6173
38 6634
38 6744
38 7001
38 7092
38 7714
38 7887
38 7925
38 8167
38 8208
38 8470
38 8956
38 9046
38 9075
38 9344
38 9376
38 9662
38 9696
38 9856
38 9972
38 10163
38 10870
38 10896
38 11011
38 11140
38 11304
38 11905
38 12032
38 12291
38 12633
38 12638
38 12898
38 12913
38 13054
38 13300
38 13346
38 13765
38 13806
38 13893
38 13896
38 14572
38 14715
38 15319
38 15552
38 15778
38 16182
38 16672
38 16704
38 16716
38 16740
38 17340
38 17607
38 17691
38 17818
38 17943
38 18100
38 18173
38 18205
38 18551
38 18798
38 19280
38 19388
38 19640
38 20409
38 20635
38 20898
38 21185
38 21360
38 21518
38 22018
38 22605
38 22636
38 23148
38 23347
38 23972
38 24006
38 24014
38 24419
38 25275
38 25382
38 25462
38 25557
38 25629
38 26050
38 26231
38 26384
38 26959
38 27111
38 27241
38 27547
38 27666
38 28147
38 28189
38 28206
38 28237
38 28793
38 29202
38 29309
38 29827
38 29948
38 30225
38 30316
38 31710
38 31980
38 32016
38 32226
38 32362
38 32434
38 32471
38 32907
38 33340
38 33408
38 33644
38 34200
38 34375
38 34892
38 34907
38 35093
38 35236
38 35275
38 35414
38 35708
38 35747
38 36156
38 36261
38 36449
38 36821
38 36839
38 36942
38 37138
38 37307
38 38462
38 38535
38 38706
38 38741
38 38942
38 39062
38 39065
38 39210
38 39413
38 39720
38 39727
38 39888
38 39978
38 40200
38 40280
38 40503
38 40583
38 40778
38 41215
38 41789
38 41905
38 42083
38 42195
38 42510
38 42729
38 43078
38 43083
38 43649
38 43711
38 44211
38 44491
38 45907
38 46126
38 46166
38 46802
38 47057
38 47843
38 48164
38 48955
38 48960
38 49043
38 49152
38 49389
38 49432
38 49488
38 49697
38 49876
37 344
37 430
37 549
37 1137
37 1281
37 1286
37 1294
37 1303
37 1348
37 1486
37 1800
37 1831
37 2064
37 3172
37 3516
37 4352
37 4439
37 4561
37 4940
37 5327
37 6229
37 6790
37 7332
37 7367
37 7459
37 7716
37 8222
37 8495
37 8730
37 8771
37 9430
37 9460
37 9625
37 10275
37 10960
37 11234
37 11395
37 11513
37 12637
37 12679
37 13287
37 13316
37 13609
37 13825
37 13893
37 14014
37 14195
37 15033
37 15066
37 15249
37 16068
37 16223
37 16588
37 17039
37 17101
37 17333
37 17451
37 17763
37 17960
37 18305
37 18503
37 19004
37 19259
37 19345
37 19466
37 19921
37 20215
37 20362
37 20779
37 21228
37 21509
37 21514
37 21733
37 22176
37 22405
37 22459
37 22554
37 22636
37 22642
37 23027
37 23097
37 23130
37 23218
37 23402
37 23419
37 23744
37 24029
37 24122
37 24414
37 24631
37 24900
37 25219
37 25535
37 25560
37 26211
37 26281
37 26624
37 27276
37 27321
37 27503
37 27729
37 27980
37 28431
37 28477
37 28982
37 28983
37 29027
37 29684
37 29854
37 29916
37 30112
37 30594
37 31121
37 31224
37 34529
37 34547
37 34700
37 34928
37 35743
37 35829
37 36146
37 36257
37 36518
37 36711
37 36860
37 36904
37 37381
37 37928
37 38427
37 38462
37 38806
37 39193
37 39216
37 39305
37 39549
37 40525
37 40969
37 41496
37 41615
37 41968
37 41982
37 42402
37 42582
37 42753
37 43504
37 43880
37 44705
37 45079
37 45132
37 45213
37 45275
37 45871
37 45882
37 46105
37 46391
37 46737
37 46924
37 47739
37 48221
37 48231
37 48514
37 48950
37 49902
37 50219
37 50383
36 110
36 520
36 604
36 890
36 1356
36 1825
36 1862
36 1893
36 2389
36 2610
36 2838
36 2919
36 3505
36 3594
36 4704
36 5452
36 5524
36 5569
36 5765
36 6570
36 7736
36 8012
36 8094
36 8675
36 9420
36 9459
36 9521
36 10615
36 10720
36 10903
36 11005
36 11564
36 11768
36 11920
36 12512
36 13183
36 13431
36 13906
36 14303
36 14335
36 14804
36 15245
36 15547
36 15911
36 16078
36 16417
36 16496
36 16722
36 16883
36 16935
36 17596
36 17617
36 18068
36 18340
36 18496
36 18891
36 18957
36 19684
36 20081
36 20180
36 21295
36 21617
36 21711
36 21830
36 22051
36 22081
36 22735
36 22854
36 22971
36 23244
36 23278
36 24420
36 24656
36 24811
36 25151
36 25273
36 25356
36 25648
36 25668
36 25992
36 26084
36 26266
36 26272
36 26398
36 26473
36 26997
36 27088
36 27396
36 27789
36 27837
36 28453
36 28512
36 29384
36 29435
36 29753
36 30052
36 30055
36 31063
36 31149
36 31280
36 31520
36 32255
36 33063
36 33583
36 33927
36 33983
36 34782
36 35095
36 35108
36 35672
36 35874
36 35934
36 36107
36 37812
36 37880
36 37901
36 38803
36 39021
36 39109
36 39564
36 39846
36 39939
36 39966
36 40333
36 40705
36 40707
36 40717
36 40867
36 40918
36 41323
36 41503
36 41534
36 41661
36 41838
36 42108
36 43580
36 43585
36 43601
36 43720
36 44397
36 44721
36 44763
36 44811
36 45179
36 45247
36 45419
36 45520
36 46276
36 46741
36 46807
36 46831
36 47374
36 47905
36 48107
36 48113
36 48851
36 49422
36 49505
36 49938
36 49952
36 50891
36 51985
36 52081
36 52982
36 53365
36 53437
36 53852
36 55101
36 55802
36 56002
36 56061
36 56298
36 56564
