 ==================================================================
              SRIM version ---> SRIM-2013.00
              Calc. date   ---> outubro 08, 2025 
 ==================================================================

 Disk File Name = SRIM Outputs\4He_800mbar_95-5.txt

 Ion = Helium [2] , Mass = 4,003 amu

 Target Density =  1,5820E-04 g/cm3 = 5,1382E+19 atoms/cm3
 Target is a GAS 
 ======= Target  Composition ========
    Atom   Atom   Atomic    Mass     
    Name   Numb   Percent   Percent  
    ----   ----   -------   -------  
      H      1    019,23    010,45   
      C      6    007,69    049,82   
      H      1    073,08    039,73   
 ====================================
 Bragg Correction = 3,27%
 Stopping Units =  MeV / mm       
 See bottom of Table for other Stopping units 

        Ion        dE/dx      dE/dx     Projected  Longitudinal   Lateral
       Energy      Elec.      Nuclear     Range     Straggling   Straggling
  --------------  ---------- ---------- ----------  ----------  ----------
999,999 eV    2,819E-03  9,622E-03   65,16 um    21,20 um    16,13 um  
   1,10 keV   2,957E-03  9,365E-03   71,89 um    23,13 um    17,62 um  
   1,20 keV   3,088E-03  9,122E-03   78,70 um    25,06 um    19,11 um  
   1,30 keV   3,214E-03  8,892E-03   85,60 um    26,98 um    20,61 um  
   1,40 keV   3,336E-03  8,675E-03   92,58 um    28,89 um    22,12 um  
   1,50 keV   3,453E-03  8,470E-03   99,63 um    30,79 um    23,64 um  
   1,60 keV   3,566E-03  8,275E-03  106,75 um    32,69 um    25,16 um  
   1,70 keV   3,676E-03  8,091E-03  113,94 um    34,58 um    26,69 um  
   1,80 keV   3,782E-03  7,916E-03  121,18 um    36,45 um    28,22 um  
   2,00 keV   3,987E-03  7,591E-03  135,85 um    40,19 um    31,31 um  
   2,25 keV   4,229E-03  7,227E-03  154,46 um    44,81 um    35,19 um  
   2,50 keV   4,457E-03  6,902E-03  173,34 um    49,35 um    39,08 um  
   2,75 keV   4,675E-03  6,609E-03  192,43 um    53,82 um    42,99 um  
   3,00 keV   4,883E-03  6,345E-03  211,72 um    58,20 um    46,89 um  
   3,25 keV   5,082E-03  6,104E-03  231,16 um    62,50 um    50,79 um  
   3,50 keV   5,274E-03  5,884E-03  250,72 um    66,71 um    54,68 um  
   3,75 keV   5,459E-03  5,683E-03  270,38 um    70,84 um    58,56 um  
   4,00 keV   5,638E-03  5,497E-03  290,13 um    74,89 um    62,42 um  
   4,50 keV   5,980E-03  5,164E-03  329,80 um    82,79 um    70,08 um  
   5,00 keV   6,304E-03  4,876E-03  369,59 um    90,36 um    77,62 um  
   5,50 keV   6,611E-03  4,623E-03  409,40 um    97,62 um    85,04 um  
   6,00 keV   6,905E-03  4,399E-03  449,17 um   104,58 um    92,32 um  
   6,50 keV   7,187E-03  4,199E-03  488,82 um   111,25 um    99,46 um  
   7,00 keV   7,459E-03  4,019E-03  528,33 um   117,65 um   106,45 um  
   8,00 keV   7,973E-03  3,708E-03  606,75 um   129,87 um   120,00 um  
   9,00 keV   8,479E-03  3,447E-03  684,14 um   141,13 um   132,94 um  
  10,00 keV   8,961E-03  3,226E-03  760,31 um   151,53 um   145,27 um  
  11,00 keV   9,422E-03  3,035E-03  835,19 um   161,16 um   157,04 um  
  12,00 keV   9,866E-03  2,868E-03  908,76 um   170,11 um   168,25 um  
  13,00 keV   1,029E-02  2,720E-03  981,02 um   178,44 um   178,95 um  
  14,00 keV   1,071E-02  2,590E-03    1,05 mm   186,22 um   189,16 um  
  15,00 keV   1,111E-02  2,472E-03    1,12 mm   193,50 um   198,92 um  
  16,00 keV   1,150E-02  2,366E-03    1,19 mm   200,34 um   208,25 um  
  17,00 keV   1,187E-02  2,270E-03    1,26 mm   206,76 um   217,19 um  
  18,00 keV   1,224E-02  2,183E-03    1,32 mm   212,82 um   225,75 um  
  20,00 keV   1,295E-02  2,029E-03    1,45 mm   224,27 um   241,85 um  
  22,50 keV   1,380E-02  1,867E-03    1,61 mm   237,11 um   260,27 um  
  25,00 keV   1,460E-02  1,732E-03    1,76 mm   248,44 um   277,06 um  
  27,50 keV   1,537E-02  1,617E-03    1,90 mm   258,51 um   292,43 um  
  30,00 keV   1,610E-02  1,518E-03    2,04 mm   267,55 um   306,58 um  
  32,50 keV   1,680E-02  1,432E-03    2,17 mm   275,72 um   319,67 um  
  35,00 keV   1,748E-02  1,356E-03    2,31 mm   283,14 um   331,83 um  
  37,50 keV   1,813E-02  1,288E-03    2,43 mm   289,93 um   343,15 um  
  40,00 keV   1,876E-02  1,228E-03    2,56 mm   296,16 um   353,75 um  
  45,00 keV   2,020E-02  1,124E-03    2,79 mm   308,01 um   372,96 um  
  50,00 keV   2,215E-02  1,038E-03    3,01 mm   317,88 um   389,69 um  
  55,00 keV   2,377E-02  9,650E-04    3,21 mm   326,17 um   404,30 um  
  60,00 keV   2,524E-02  9,027E-04    3,41 mm   333,30 um   417,26 um  
  65,00 keV   2,662E-02  8,486E-04    3,59 mm   339,54 um   428,86 um  
  70,00 keV   2,793E-02  8,012E-04    3,77 mm   345,06 um   439,34 um  
  80,00 keV   3,041E-02  7,219E-04    4,09 mm   355,89 um   457,57 um  
  90,00 keV   3,274E-02  6,581E-04    4,40 mm   364,77 um   472,96 um  
 100,00 keV   3,496E-02  6,055E-04    4,69 mm   372,22 um   486,18 um  
 110,00 keV   3,708E-02  5,613E-04    4,96 mm   378,58 um   497,69 um  
 120,00 keV   3,911E-02  5,236E-04    5,21 mm   384,10 um   507,83 um  
 130,00 keV   4,106E-02  4,910E-04    5,46 mm   388,94 um   516,85 um  
 140,00 keV   4,293E-02  4,626E-04    5,69 mm   393,23 um   524,95 um  
 150,00 keV   4,472E-02  4,375E-04    5,92 mm   397,07 um   532,28 um  
 160,00 keV   4,644E-02  4,152E-04    6,13 mm   400,54 um   538,94 um  
 170,00 keV   4,810E-02  3,952E-04    6,34 mm   403,69 um   545,05 um  
 180,00 keV   4,969E-02  3,773E-04    6,54 mm   406,57 um   550,67 um  
 200,00 keV   5,268E-02  3,461E-04    6,93 mm   413,47 um   560,69 um  
 225,00 keV   5,609E-02  3,142E-04    7,38 mm   421,80 um   571,43 um  
 250,00 keV   5,925E-02  2,881E-04    7,81 mm   428,94 um   580,63 um  
 275,00 keV   6,225E-02  2,662E-04    8,22 mm   435,18 um   588,65 um  
 300,00 keV   6,500E-02  2,477E-04    8,61 mm   440,71 um   595,73 um  
 325,00 keV   6,750E-02  2,317E-04    8,99 mm   445,68 um   602,06 um  
 350,00 keV   6,975E-02  2,178E-04    9,35 mm   450,21 um   607,78 um  
 375,00 keV   7,177E-02  2,056E-04    9,70 mm   454,37 um   613,00 um  
 400,00 keV   7,357E-02  1,947E-04   10,04 mm   458,24 um   617,79 um  
 450,00 keV   7,656E-02  1,764E-04   10,70 mm   469,98 um   626,38 um  
 500,00 keV   7,880E-02  1,614E-04   11,35 mm   480,56 um   633,94 um  
 550,00 keV   8,041E-02  1,489E-04   11,97 mm   490,33 um   640,73 um  
 600,00 keV   8,149E-02  1,383E-04   12,59 mm   499,52 um   646,93 um  
 650,00 keV   8,212E-02  1,292E-04   13,20 mm   508,29 um   652,68 um  
 700,00 keV   8,240E-02  1,213E-04   13,80 mm   516,75 um   658,08 um  
 800,00 keV   8,217E-02  1,082E-04   15,02 mm   546,71 um   668,07 um  
 900,00 keV   7,853E-02  9,780E-05   16,26 mm   576,32 um   677,47 um  
   1,00 MeV   7,476E-02  8,933E-05   17,56 mm   607,05 um   686,67 um  
   1,10 MeV   7,107E-02  8,229E-05   18,93 mm   639,16 um   695,87 um  
   1,20 MeV   6,755E-02  7,633E-05   20,37 mm   672,81 um   705,18 um  
   1,30 MeV   6,425E-02  7,123E-05   21,89 mm   708,10 um   714,71 um  
   1,40 MeV   6,118E-02  6,680E-05   23,48 mm   745,05 um   724,54 um  
   1,50 MeV   5,835E-02  6,292E-05   25,15 mm   783,67 um   734,74 um  
   1,60 MeV   5,573E-02  5,949E-05   26,91 mm   823,95 um   745,36 um  
   1,70 MeV   5,351E-02  5,643E-05   28,74 mm   865,70 um   756,43 um  
   1,80 MeV   5,147E-02  5,369E-05   30,64 mm   908,72 um   767,98 um  
   2,00 MeV   4,784E-02  4,898E-05   34,67 mm     1,08 mm   792,64 um  
   2,25 MeV   4,401E-02  4,419E-05   40,11 mm     1,33 mm   826,66 um  
   2,50 MeV   4,079E-02  4,029E-05   46,01 mm     1,57 mm   864,51 um  
   2,75 MeV   3,806E-02  3,706E-05   52,34 mm     1,82 mm   906,43 um  
   3,00 MeV   3,571E-02  3,433E-05   59,12 mm     2,06 mm   952,54 um  
   3,25 MeV   3,367E-02  3,199E-05   66,32 mm     2,30 mm     1,00 mm  
   3,50 MeV   3,187E-02  2,997E-05   73,95 mm     2,55 mm     1,06 mm  
   3,75 MeV   3,027E-02  2,820E-05   81,99 mm     2,79 mm     1,12 mm  
   4,00 MeV   2,883E-02  2,664E-05   90,45 mm     3,05 mm     1,18 mm  
   4,50 MeV   2,637E-02  2,400E-05  108,57 mm     3,99 mm     1,32 mm  
   5,00 MeV   2,432E-02  2,186E-05  128,31 mm     4,88 mm     1,48 mm  
   5,50 MeV   2,258E-02  2,009E-05  149,63 mm     5,75 mm     1,65 mm  
   6,00 MeV   2,109E-02  1,860E-05  172,53 mm     6,61 mm     1,83 mm  
   6,50 MeV   1,979E-02  1,732E-05  196,98 mm     7,47 mm     2,04 mm  
   7,00 MeV   1,866E-02  1,621E-05  222,99 mm     8,34 mm     2,25 mm  
   8,00 MeV   1,675E-02  1,439E-05  279,53 mm    11,58 mm     2,73 mm  
   9,00 MeV   1,534E-02  1,296E-05  341,88 mm    14,58 mm     3,26 mm  
  10,00 MeV   1,404E-02  1,179E-05  409,98 mm    17,51 mm     3,84 mm  
  11,00 MeV   1,301E-02  1,083E-05  483,92 mm    20,42 mm     4,47 mm  
  12,00 MeV   1,214E-02  1,001E-05  563,45 mm    23,35 mm     5,14 mm  
  13,00 MeV   1,138E-02  9,319E-06  648,49 mm    26,30 mm     5,87 mm  
  14,00 MeV   1,072E-02  8,719E-06  738,98 mm    29,28 mm     6,63 mm  
  15,00 MeV   1,014E-02  8,194E-06  834,85 mm    32,31 mm     7,44 mm  
  16,00 MeV   9,619E-03  7,732E-06  936,06 mm    35,38 mm     8,30 mm  
  17,00 MeV   9,155E-03  7,321E-06    1,04 m     38,50 mm     9,20 mm  
  18,00 MeV   8,738E-03  6,954E-06    1,15 m     41,67 mm    10,14 mm  
  20,00 MeV   8,016E-03  6,323E-06    1,39 m     53,74 mm    12,15 mm  
  22,50 MeV   7,276E-03  5,686E-06    1,72 m     71,04 mm    14,90 mm  
  25,00 MeV   6,671E-03  5,169E-06    2,08 m     87,42 mm    17,89 mm  
  27,50 MeV   6,165E-03  4,742E-06    2,47 m    103,47 mm    21,14 mm  
  30,00 MeV   5,736E-03  4,383E-06    2,89 m    119,47 mm    24,63 mm  
  32,50 MeV   5,367E-03  4,076E-06    3,34 m    135,54 mm    28,35 mm  
  35,00 MeV   5,046E-03  3,811E-06    3,82 m    151,77 mm    32,32 mm  
  37,50 MeV   4,765E-03  3,579E-06    4,33 m    168,19 mm    36,51 mm  
  40,00 MeV   4,515E-03  3,376E-06    4,87 m    184,83 mm    40,94 mm  
  45,00 MeV   4,092E-03  3,033E-06    6,03 m    247,79 mm    50,48 mm  
  50,00 MeV   3,748E-03  2,756E-06    7,31 m    306,96 mm    60,91 mm  
  55,00 MeV   3,461E-03  2,526E-06    8,69 m    364,78 mm    72,21 mm  
  60,00 MeV   3,218E-03  2,334E-06   10,19 m    422,28 mm    84,37 mm  
  65,00 MeV   3,009E-03  2,169E-06   11,80 m    479,99 mm    97,38 mm  
  70,00 MeV   2,828E-03  2,028E-06   13,51 m    538,19 mm   111,21 mm  
  80,00 MeV   2,530E-03  1,795E-06   17,25 m    755,44 mm   141,32 mm  
  90,00 MeV   2,293E-03  1,611E-06   21,40 m    957,86 mm   174,62 mm  
 100,00 MeV   2,100E-03  1,463E-06   25,96 m      1,16 m    211,02 mm  
 110,00 MeV   1,940E-03  1,341E-06   30,91 m      1,35 m    250,45 mm  
 120,00 MeV   1,805E-03  1,238E-06   36,25 m      1,55 m    292,84 mm  
 130,00 MeV   1,689E-03  1,150E-06   41,98 m      1,75 m    338,13 mm  
 140,00 MeV   1,589E-03  1,075E-06   48,08 m      1,95 m    386,26 mm  
 150,00 MeV   1,501E-03  1,009E-06   54,55 m      2,16 m    437,17 mm  
 160,00 MeV   1,424E-03  9,507E-07   61,39 m      2,37 m    490,81 mm  
 170,00 MeV   1,355E-03  8,992E-07   68,59 m      2,58 m    547,14 mm  
 180,00 MeV   1,293E-03  8,531E-07   76,14 m      2,79 m    606,10 mm  
 200,00 MeV   1,187E-03  7,743E-07   92,28 m      3,61 m    731,80 mm  
 225,00 MeV   1,079E-03  6,947E-07  114,37 m      4,78 m    903,00 mm  
 250,00 MeV   9,919E-04  6,304E-07  138,52 m      5,88 m      1,09 m   
 275,00 MeV   9,196E-04  5,774E-07  164,69 m      6,96 m      1,29 m   
 300,00 MeV   8,588E-04  5,328E-07  192,82 m      8,02 m      1,50 m   
 325,00 MeV   8,068E-04  4,949E-07  222,84 m      9,08 m      1,73 m   
 350,00 MeV   7,619E-04  4,621E-07  254,72 m     10,15 m      1,97 m   
 375,00 MeV   7,226E-04  4,336E-07  288,40 m     11,22 m      2,23 m   
 400,00 MeV   6,881E-04  4,085E-07  323,84 m     12,29 m      2,49 m   
 450,00 MeV   6,300E-04  3,663E-07  399,76 m     16,34 m      3,06 m   
 500,00 MeV   5,830E-04  3,323E-07  482,25 m     20,09 m      3,67 m   
 550,00 MeV   5,442E-04  3,042E-07  571,00 m     23,71 m      4,32 m   
 600,00 MeV   5,116E-04  2,806E-07  665,73 m     27,25 m      5,01 m   
 650,00 MeV   4,839E-04  2,606E-07  766,19 m     30,75 m      5,74 m   
 700,00 MeV   4,600E-04  2,433E-07  872,13 m     34,23 m      6,50 m   
 800,00 MeV   4,209E-04  2,149E-07    1,10 km    46,99 m      8,11 m   
 900,00 MeV   3,903E-04  1,926E-07    1,35 km    58,57 m      9,84 m   
   1,00 GeV   3,657E-04  1,747E-07    1,61 km    69,55 m     11,67 m   
-----------------------------------------------------------
 Multiply Stopping by        for Stopping Units
 -------------------        ------------------
  1,0000E-01                 eV / Angstrom 
  1,0000E+00                keV / micron   
  1,0000E+00                MeV / mm       
  6,3213E+01                keV / (ug/cm2) 
  6,3213E+01                MeV / (mg/cm2) 
  6,3213E+04                keV / (mg/cm2) 
  1,9462E+02                 eV / (1E15 atoms/cm2)
  2,0444E+01                L.S.S. reduced units
 ==================================================================
 (C) 1984,1989,1992,1998,2008 by J.P. Biersack and J.F. Ziegler
