25 2049
25 3097
25 3882
25 4171
25 4583
25 5442
25 5732
25 6291
25 6437
25 6834
25 7665
25 10562
25 10940
25 11064
25 11988
25 12943
25 13458
25 14626
25 14743
25 15205
25 17086
25 17759
25 18337
25 18896
25 22738
28 613
28 3596
28 15883
28 20931
28 22638
28 40807
28 92592
30 1154
30 1285
30 1422
30 2220
30 2965
30 5393
30 5716
30 6239
30 8966
30 10258
30 10985
31 463
31 1374
31 2790
31 4405
31 4417
31 6585
31 7305
31 7583
31 9679
31 11852
31 11906
31 17705
31 18555
31 21608
31 22054
31 24441
31 25273
31 25353
32 1824
32 4808
32 9198
32 11946
32 12311
32 12396
32 13514
33 438
33 3473
33 3905
33 4117
33 4947
33 20422
33 21407
33 24180
33 24276
33 24332
33 26342
33 30076
33 30649
33 34457
33 34569
33 36033
33 36074
33 38347
33 38852
33 40662
34 629
34 1162
34 2752
34 5116
34 6648
34 7825
34 7960
34 8421
34 10782
34 11382
34 11572
34 11795
34 13418
34 13745
34 14474
34 16205
34 21463
34 22791
34 24476
34 25811
34 26448
34 27416
34 27866
34 28720
34 30524
34 35637
35 3044
35 4208
35 4917
35 7623
35 7984
35 10073
35 12506
35 16045
35 16369
35 16407
35 21455
35 21545
35 22275
35 25770
35 26821
35 27327
35 27477
35 27571
35 28268
36 406
36 526
36 5345
36 5432
36 8055
36 8151
36 10399
36 16043
36 17301
36 21169
36 21471
36 22719
36 26437
36 27449
36 32827
36 33972
36 35925
36 36452
36 38736
36 39785
36 40946
36 41413
36 44584
36 45954
36 46148
36 46798
36 50293
36 51105
36 54438
36 61205
36 62357
36 63795
36 67299
36 67379
36 68249
36 70550
37 2538
37 3503
37 5463
37 5489
37 5873
37 6192
37 8326
37 16285
37 16990
37 18962
37 19065
37 21689
37 22845
37 24021
37 24477
37 30999
37 33604
37 36944
37 40446
37 41123
37 46569
37 47001
37 47783
37 48213
37 48349
38 1679
38 4667
38 5751
38 5821
38 7970
38 8377
38 8833
38 9116
38 11322
38 12635
38 13406
38 14786
38 15432
38 22640
38 23253
38 25394
38 26202
38 28789
38 30639
38 31459
38 34037
38 34147
38 34480
38 34771
38 37498
38 37806
38 39211
38 39965
38 41244
38 41600
38 42091
38 42765
38 43779
38 44192
38 45170
38 45712
38 47555
38 47923
38 49647
39 1586
39 1589
39 4078
39 6119
39 6587
39 7422
39 7708
40 6743
40 7601
40 8628
40 9081
40 9709
40 10857
40 11237
40 11942
40 13145
40 16465
40 18225
40 20905
40 22033
40 22729
40 24797
40 25758
41 3021
41 13663
47 16645
47 20551
47 33200
47 58961
47 63121
47 65593
47 66950
47 80285
47 84343
47 122774
47 127756
47 130580
47 150930
48 11554
48 26691
48 37388
48 38616
48 45791
48 47968
48 52470
48 57102
48 85380
48 108045
48 122404
48 129470
48 135974
48 141640
49 2140
49 5582
49 8814
49 11251
49 16942
49 22911
49 23045
49 44877
49 46218
49 57490
49 60262
49 76732
49 89777
49 97322
49 109709
49 113928
49 114120
49 121995
50 55
50 13156
50 29557
50 32497
50 39482
50 50860
50 51844
50 67497
50 71945
50 88124
50 94389
50 94489
50 110035
50 132988
50 137769
50 142640
50 160428
50 160791
51 8811
51 10802
51 13649
51 22705
51 26947
51 34568
51 36393
51 50299
51 55276
51 62661
51 74828
51 76851
52 24179
52 29412
52 42234
52 53517
52 60099
52 61052
52 73327
52 94857
52 101237
52 109133
52 123008
52 128336
52 133220
52 144828
52 156210
52 172888
52 180301
53 23624
53 26208
53 26233
53 26236
53 32396
53 46230
53 60130
53 69607
53 79868
53 82495
53 89893
53 92848
53 116144
53 122240
53 139177
53 152719
53 153361
53 157049
53 160489
53 166495
53 166557
53 181924
54 242
54 1107
55 1592
55 8131
56 20784
56 22040
56 25433
56 28166
56 29336
56 32047
56 36628
56 41329
56 53651
56 53735
56 89542
56 105356
56 108207
56 121102
56 125394
56 138330
56 141580
56 142541
57 12442
57 17276
57 23079
57 33886
57 39406
57 51295
57 71314
57 77130
57 87693
58 27625
58 39542
58 73917
58 77790
58 86700
58 91205
59 9225
59 9586
59 15155
59 24533
59 31563
59 33897
59 39009
59 41172
59 46114
59 59205
59 69537
59 77655
59 78432
59 101593
59 102030
59 111607
60 8537
60 9862
60 24308
60 36006
60 42677
60 67642
60 74748
60 75462
61 12272
61 18009
61 48805
61 55317
61 69421
61 69434
61 71478
61 73063
62 2349
62 27139
62 40756
62 74763
63 1754
63 5414
63 41145
64 7785
64 8389
64 60224
