72 201
72 292
72 463
72 784
72 1010
72 1074
72 1120
72 1372
72 1849
72 2535
72 3152
72 3477
72 4292
72 4836
72 5036
72 5459
72 5768
72 5967
72 6037
72 6054
72 6216
72 6496
72 6576
72 6775
72 6978
72 7120
72 7293
72 8632
72 9991
72 10449
72 10531
72 10645
72 10694
72 11009
72 11069
72 11105
72 11180
72 11251
72 11665
72 11735
72 12057
72 12381
72 12403
72 12683
72 12701
72 13002
72 13328
72 13349
72 13563
72 14078
72 14342
72 14365
72 14425
72 14935
72 15234
72 15503
72 15540
72 15546
72 15561
72 15827
72 16319
72 16401
72 16611
72 16897
72 17504
72 17922
72 18167
72 18869
72 19289
72 19450
72 19546
72 19647
72 19746
72 19777
72 20003
72 20184
72 20433
72 21047
72 21916
72 21929
72 21964
72 22116
72 22132
72 22172
72 23056
72 23285
72 23320
72 23366
72 23518
72 23559
72 23600
72 23609
72 23853
72 23871
72 23880
72 24241
72 24451
72 24755
72 24887
72 25186
72 25241
72 26096
72 26273
72 26294
72 27283
72 27850
72 28007
72 28153
72 28555
72 28783
72 29096
72 29407
72 29415
72 29527
72 29567
72 29895
72 31010
72 31149
72 31162
72 31333
72 31396
72 31554
72 31742
72 31775
72 32208
72 32375
72 32438
72 32499
72 32545
72 32896
72 32925
72 33126
72 33470
72 33690
72 33909
72 34041
72 34072
72 34234
72 34235
72 34728
72 35065
72 35082
72 35428
72 35560
72 35983
72 36704
72 36936
72 37892
72 38348
72 38942
72 39265
72 39748
72 39820
72 39927
72 40739
72 40940
72 41351
72 41395
72 41605
72 41608
72 41792
72 41966
72 42511
72 42827
72 43371
72 43403
72 43601
72 44343
72 45346
72 45561
72 45579
72 45683
72 45749
72 46036
72 46041
72 46159
72 46243
72 46391
72 47030
72 47310
72 47340
72 47784
72 49241
72 49662
72 49801
72 50087
72 50141
72 50228
72 50319
72 50733
72 50909
72 51002
72 51091
72 51274
72 51328
72 51557
72 51603
72 51668
72 51704
72 51752
72 51785
72 51957
72 52007
72 52145
72 52357
72 53194
72 53291
72 54036
72 54052
72 54448
72 55280
72 56274
72 57088
72 57693
72 57795
72 58379
72 58391
72 58595
72 59103
72 59113
72 59183
72 59511
72 59514
72 59778
72 60103
72 60695
72 60742
72 60820
72 61016
72 61208
72 62656
72 62946
72 63368
72 63507
72 63508
72 63669
72 63678
72 63869
72 65101
72 65161
72 65262
72 65440
72 65604
72 65631
72 65690
72 66356
72 66611
72 66657
72 66825
72 67357
72 67433
72 67468
72 67813
72 67860
72 68186
72 68480
72 69331
72 69658
72 69768
72 70361
72 70561
72 70979
72 71021
72 71467
72 72529
72 72633
72 73038
72 73323
72 73492
72 73874
72 73946
72 74190
72 74343
72 74482
72 74490
72 74671
72 74777
72 74897
72 75124
72 75155
72 75229
72 75580
72 75668
72 75928
72 76954
72 77002
72 77132
72 77293
72 77421
72 77538
72 77560
72 77648
72 77741
72 77777
72 77901
72 78096
72 78180
72 78422
72 78884
72 79309
72 79561
72 79681
72 79784
72 79860
72 80020
72 80332
72 80614
72 81706
72 81728
72 81865
72 82049
72 82239
72 82497
72 82597
72 82904
72 83242
72 83499
72 83705
72 84066
72 84473
73 474
73 504
73 565
73 866
73 1014
73 1970
73 38547
73 38966
73 39147
73 39786
73 39826
73 39980
73 39999
73 40309
73 52816
73 53160
73 53272
73 53419
73 53731
73 53935
73 53963
73 54203
73 54223
73 54291
73 54302
73 54309
73 54768
73 54864
73 55112
73 56337
73 56389
73 56510
73 56856
73 57246
73 57644
73 57660
73 57767
73 58022
73 58039
73 58127
73 58212
73 58719
73 59186
73 59735
73 60042
73 60548
73 60947
73 61108
73 61593
73 61977
73 62956
73 63006
73 63852
73 63872
73 65436
73 65549
73 66951
73 67018
73 67195
73 67388
73 67403
73 67468
73 67660
73 67906
73 68160
73 68478
73 68632
73 68759
73 69103
73 69967
73 70031
73 70902
73 71022
73 71169
73 71290
73 71454
73 71482
73 71891
73 72031
73 72692
73 72830
73 73264
73 73357
73 73399
73 73429
73 73577
73 73693
73 73975
73 74627
73 74718
73 74884
73 75315
73 75559
73 75604
73 75607
73 76046
73 76724
73 76775
73 76891
73 77079
73 78309
73 78422
73 78991
73 79458
73 79609
73 80449
74 434
74 495
74 504
74 920
74 996
74 2064
74 2143
74 2181
74 2368
74 2377
74 2417
74 3209
74 3267
74 3283
74 3419
74 3578
74 4255
74 4743
74 4869
74 6040
74 6297
74 6401
74 6511
74 6794
74 6883
74 7049
74 7354
74 7413
74 7432
74 7805
74 8017
74 8240
74 8270
74 8478
74 8686
74 8843
74 9134
74 9305
74 9493
74 10246
74 11104
74 11161
74 11377
74 11575
74 11580
74 11732
74 12222
74 12297
74 12339
74 12441
74 12495
74 12690
74 12694
74 12854
74 12873
74 12915
74 13082
74 13409
74 13456
74 13477
74 13509
74 13563
74 13634
74 14571
74 14636
74 14847
74 15405
74 15513
74 15664
74 16224
74 16283
74 16301
74 16326
74 16801
74 16817
74 16889
74 16945
74 17138
74 17169
74 17321
74 17392
74 17461
74 17836
74 17908
74 18458
74 18580
74 18744
74 18786
74 19177
74 19204
74 19283
74 19439
74 19447
74 19491
74 19849
74 19855
74 20043
74 20174
74 20356
74 20501
74 20664
74 20722
74 20842
74 20849
74 20938
74 21000
74 21129
74 21192
74 21377
74 21399
74 21420
74 21566
74 22720
74 22815
74 23267
74 23291
74 23320
74 23330
74 23465
74 23835
74 23894
74 23953
74 24044
74 24465
74 24595
74 25146
74 25429
74 25485
74 25651
74 25750
74 25863
74 25868
74 25941
74 26006
74 26274
74 26433
74 26882
74 26967
74 27146
74 27214
74 27560
74 27629
74 27734
74 27968
74 28186
74 28231
74 28308
74 28485
74 28496
74 28575
74 28626
74 29040
74 29442
74 29649
74 30386
74 30474
74 30480
74 30569
74 31061
74 31070
74 31547
74 31770
74 32020
74 32048
74 32278
74 32439
74 32539
74 32566
74 32628
74 33363
74 33447
74 33711
74 33793
74 34122
74 34132
74 34134
74 34532
74 34763
74 35208
74 35661
74 35909
74 36185
74 36780
74 36784
74 36824
74 36869
74 36981
74 37015
74 37248
74 37369
74 37484
74 38328
74 38502
74 38694
74 38792
74 39517
74 39607
74 39777
74 40406
74 40430
74 40486
74 40573
74 40580
74 41021
74 41036
74 41381
74 41404
74 42257
74 42295
74 42538
74 42795
74 42865
74 43014
74 43615
74 43701
74 44027
74 44049
74 44384
74 44833
74 44914
74 45297
74 45564
74 45817
74 45934
74 46541
74 46550
74 46836
74 46950
74 46967
74 47248
74 47702
74 47721
74 47760
74 48060
74 48238
74 48409
74 48630
74 48921
74 48930
74 49237
74 49442
74 49805
74 49863
74 50196
74 50715
74 50802
74 51127
74 51355
74 51488
74 51776
74 53292
74 54102
74 54124
74 54389
74 54608
74 54800
74 55072
74 55391
74 55672
74 55926
74 56147
74 56380
74 56907
74 57482
74 57696
74 57750
74 58025
74 58254
74 58400
74 58481
74 58700
74 58784
74 58885
74 59058
74 59108
74 59247
74 59297
74 59362
74 59536
74 59569
74 59816
74 59842
74 60127
74 60232
74 60402
74 60440
74 60733
74 60826
74 61253
74 61318
74 61633
74 61824
74 61965
74 62171
74 62242
74 62633
74 62719
74 63045
74 63241
74 63292
74 63500
74 63781
74 63966
74 64045
74 64274
74 64294
74 65091
74 65120
74 66935
74 67237
74 67284
74 67440
74 67875
74 68201
74 68404
74 68720
74 68817
74 68848
74 68973
74 69025
74 69966
74 70330
74 70397
74 71569
74 71641
74 71728
74 71950
74 72036
74 72181
74 72211
74 72572
74 72590
74 72658
74 72692
74 73496
74 73620
74 73715
74 74463
74 74479
74 74944
74 75490
74 75494
74 75678
74 75775
74 76584
74 76647
74 76663
74 76748
74 77748
74 77835
74 77852
74 77870
74 78349
74 78361
74 78648
74 78968
74 79498
74 79794
74 80408
74 80679
74 81034
74 81084
74 81270
74 81274
74 81309
74 81383
74 81646
74 81855
74 82391
74 82466
74 82665
74 83054
74 83055
74 83168
74 83483
74 83713
74 83832
74 84149
74 84184
74 84489
74 84785
74 85292
74 85481
74 85951
74 86004
74 86290
74 86464
74 86531
74 86684
74 86858
74 87232
74 87905
74 88095
74 88254
74 88382
74 89429
74 89530
74 89696
74 89866
74 90242
74 90582
74 90713
74 90922
74 91329
74 91599
74 92320
74 92471
74 92814
74 93666
74 94355
74 94441
74 94770
74 94898
74 95054
74 95564
74 95762
74 95890
74 96313
74 96931
74 97296
74 97943
74 98069
75 653
75 797
75 1229
75 1433
75 2133
75 2388
75 2848
75 3326
75 3802
75 4525
75 4972
75 5256
75 6482
75 6608
75 7025
75 7084
75 7226
75 7500
75 7826
75 8227
75 8370
75 9015
75 9255
75 9270
75 9578
75 9599
75 10199
75 10211
75 10348
75 10535
75 11120
75 11146
75 11163
75 11541
75 11875
75 11928
75 12071
75 12170
75 12304
75 12457
75 13008
75 13069
75 14193
75 14387
75 14829
75 15068
75 15314
75 15701
75 15827
75 16176
75 16359
75 16454
75 16600
75 16914
75 17258
75 17395
75 17399
75 17642
75 17823
75 17957
75 18002
75 18281
75 18312
75 18943
75 18953
75 19158
75 19233
75 19639
75 19689
75 19802
75 19834
75 19970
75 20285
75 21193
75 21376
75 21501
75 21510
75 22361
75 22886
75 23069
75 23103
75 23255
75 23560
75 23593
75 23792
75 23796
75 23825
75 24453
75 24534
75 24708
75 25134
75 25139
75 25182
75 26995
75 27205
75 27217
75 27373
75 27524
75 27535
75 27740
75 27927
75 27930
75 28210
75 28878
75 29318
75 29373
75 29577
75 29603
75 29780
75 29857
75 29976
75 30365
75 30500
75 30925
75 31694
75 31946
75 32202
75 32253
75 32499
75 32502
75 32671
75 32713
75 32878
75 33428
75 33540
75 33779
75 34140
75 34293
75 34502
75 34865
75 35192
75 35467
75 35808
75 35887
75 36147
75 36273
75 36480
75 36830
75 36983
75 37144
75 37166
75 37367
75 37403
75 37731
75 37975
75 38004
75 38371
75 38670
75 39004
75 39646
75 40167
75 40307
75 40476
75 40701
75 40728
75 41006
75 41761
75 41884
75 41944
75 42045
75 42063
75 42107
75 42482
75 42814
75 42986
75 43485
75 44017
75 44160
75 44284
75 44306
75 44379
75 44676
75 45377
75 45433
75 45838
75 45904
75 46762
75 46922
75 46948
75 47188
75 47294
75 47411
75 47906
75 48081
75 48097
75 48442
75 48617
75 48854
75 49038
75 49173
75 50019
75 50077
75 50146
75 51252
75 51597
75 51687
75 51887
75 51911
75 52178
75 52215
75 52520
75 52660
75 52815
75 52958
75 53087
75 53170
75 53446
75 53478
75 54118
75 54376
75 54442
75 54501
75 54614
75 55192
75 55406
75 55911
75 55978
75 56296
75 56402
75 57108
75 57401
75 57419
75 57517
75 58282
75 58332
75 58342
75 58471
75 58498
75 58508
75 58510
75 58672
75 59222
75 59608
75 59648
75 59670
75 59678
75 59813
75 60127
75 60275
75 60768
75 60861
75 61027
75 61320
75 61448
75 61465
75 61797
75 63912
75 63964
75 64114
75 64776
75 65059
75 65115
75 65778
75 65845
75 65944
75 66412
75 66454
75 66775
75 67700
75 67977
75 68527
75 68804
75 69364
75 69488
75 69665
75 70031
75 70257
75 70773
75 70835
75 71301
75 71305
75 71514
75 71557
75 71754
75 71778
75 71920
75 72144
75 72218
75 72372
75 72395
75 73098
75 73156
75 73289
75 74149
75 74598
75 74802
75 74928
75 75027
75 75062
75 75070
75 75164
75 75478
75 75586
75 76058
75 76334
75 76380
75 76486
75 76636
75 77087
75 77572
75 77620
75 77801
75 78913
75 79005
75 79449
75 80019
75 80528
75 80724
75 81185
75 81540
75 81635
75 81649
75 81882
75 82365
75 82679
75 82694
75 83127
75 83219
75 84037
75 84377
75 84684
75 84740
75 84964
75 85067
75 85277
75 85566
75 85801
75 86089
75 86273
75 86824
75 86898
75 87066
75 87212
75 87506
75 87807
75 88282
75 88609
75 88788
75 89596
75 89858
75 90047
75 90315
75 90681
75 90802
75 91140
75 91254
75 91489
75 91513
75 91564
75 92065
75 92359
75 92380
75 92631
75 92666
75 92810
75 93568
75 94429
75 94492
75 94729
75 94791
75 95483
75 95777
75 95910
75 96342
75 96491
75 96518
75 96956
75 97062
75 97280
75 97505
75 98248
75 98471
75 98486
75 98529
75 99299
75 100064
75 100355
75 100714
75 100975
75 101167
75 101196
75 101795
75 102171
75 102198
75 102503
75 103093
75 103144
75 103724
75 104438
75 104578
75 104618
75 105920
75 105962
75 106040
75 106488
75 106728
76 59
76 155
76 468
76 518
76 1050
76 1289
76 1333
76 1765
76 2946
76 2951
76 3191
76 3497
76 3835
76 3984
76 4365
76 4561
76 4593
76 5180
76 5288
76 5394
76 5714
76 5773
76 6405
76 6778
76 7263
76 7483
76 7543
76 7889
76 7929
76 9311
76 9814
76 10675
76 11204
76 11469
76 11801
76 12015
76 13257
76 13589
76 13667
76 14161
76 14209
76 14223
76 14300
76 14596
76 15169
76 16026
76 16033
76 16454
76 16479
76 16641
76 16882
76 17674
76 17807
76 18012
76 18376
76 18473
76 18531
76 19305
76 19364
76 19493
76 19504
76 19675
76 19777
76 20043
76 20287
76 20469
76 20698
76 20902
76 21006
76 21512
76 21763
76 21968
76 21975
76 22358
76 22551
76 22639
76 22829
76 22853
76 23182
76 23366
76 23689
76 24514
76 24737
76 24740
76 24797
76 25107
76 25766
76 25919
76 25966
76 26073
76 26186
76 26311
76 26512
76 26917
76 27431
76 27774
76 28051
76 28160
76 28175
76 28414
76 28718
76 28794
76 28993
76 29124
76 29609
76 29724
76 29957
76 30061
76 30109
76 30597
76 31082
76 31593
76 31759
76 31827
76 32158
76 32315
76 33114
76 34092
76 34155
76 34660
76 34958
76 35084
76 35582
76 36029
76 36579
76 36681
76 36796
76 36802
76 36913
76 37923
76 37966
76 38437
76 38465
76 38640
76 39199
76 39225
76 39343
76 39732
76 39809
76 39909
76 40104
76 40283
76 40737
76 41484
76 41897
76 42216
76 42326
76 42446
76 42654
76 43079
76 43342
76 43501
76 43711
76 43900
77 58
77 314
77 1172
77 1335
77 1497
77 1793
77 1887
77 1998
77 2050
77 2187
77 2719
77 2742
77 2822
77 2935
77 3240
77 3839
77 4122
77 4133
77 4212
77 4337
77 4397
77 4617
77 4715
77 5748
77 5837
77 6115
77 6286
77 6944
77 7681
77 8153
77 8182
77 8518
77 9954
77 9994
77 10048
77 10284
77 10597
77 10644
77 11030
77 11306
77 11454
77 11556
77 11897
77 12345
77 12466
77 12591
77 12679
77 12802
77 12878
77 12896
77 13151
77 13488
77 13806
77 13894
77 14041
77 14161
77 14243
77 14375
77 14552
77 14574
77 14745
77 14920
77 15274
77 15276
77 15644
77 16707
77 16804
77 17020
77 18162
77 18321
77 18486
77 18845
77 19675
77 19704
77 19870
77 20289
77 20305
77 20725
77 20998
77 21190
77 21211
77 21280
77 21364
77 21444
77 21447
77 21645
77 21987
77 22095
77 22244
77 22445
77 22669
77 23020
77 23052
77 24238
77 24816
77 25035
77 25546
77 25941
77 26107
77 26300
77 27359
77 27755
77 27985
77 28090
77 28169
77 28768
77 28789
77 28907
77 28909
77 29110
77 29321
77 29525
77 29530
77 29572
77 29681
77 30573
77 31075
77 31122
77 31305
77 31328
77 31499
77 31503
77 31674
77 32061
77 32610
77 33019
77 33071
77 33157
77 33416
77 33668
77 34147
77 34385
77 34475
77 34517
77 34528
77 34623
77 34869
77 35174
77 35288
77 35299
77 35340
77 35366
77 35855
77 36039
77 38029
77 38329
77 38616
77 39277
77 39300
77 39918
77 40063
77 40082
77 40153
77 40184
77 40364
77 40368
77 40496
77 40908
77 41320
77 41408
77 41663
77 41708
77 41809
77 42016
77 42677
77 42708
77 43431
77 43603
77 43836
77 43985
77 44077
77 44138
77 44512
77 44745
77 44812
77 44994
77 45081
77 45283
77 46015
77 46614
77 47002
77 47292
77 47473
77 48671
77 48970
77 49247
77 49687
77 49783
77 49806
77 49994
77 50225
77 50529
77 50592
77 50983
77 51204
77 51318
77 51421
77 51625
77 51837
77 52505
77 52943
77 53078
77 53248
77 53292
77 54115
77 54613
77 54659
77 55577
77 55756
77 56656
77 56885
77 57011
77 57046
77 57436
77 58458
77 59181
77 59380
77 59464
77 59799
77 60000
77 60822
77 61439
77 61911
77 62139
77 62167
77 62309
77 62609
77 63576
77 63752
77 64710
77 64970
77 65082
77 65136
77 65449
77 65481
77 65832
77 66110
77 66207
77 66241
77 66492
77 67035
77 67117
77 67601
77 68167
77 68237
77 68362
77 68471
77 68557
77 69056
77 69282
77 69689
77 70398
77 70484
77 71214
77 71338
77 71545
77 71636
77 71840
77 72089
77 72431
77 72467
77 72784
77 72835
77 72905
77 73293
77 73372
77 73616
77 73621
77 73698
77 73798
77 73862
77 74108
77 74685
77 74783
77 74813
77 74822
77 75155
77 75938
77 76249
77 76351
77 76646
77 76958
77 79368
77 79992
77 80190
77 80345
77 82624
77 85588
77 86924
77 87241
77 88209
77 88532
77 90415
77 92417
77 92540
77 92854
77 93397
77 93533
77 93649
77 94887
77 95957
77 96938
77 97299
77 97977
77 99272
77 100422
77 100479
77 100499
77 101280
77 102003
77 103022
77 103783
77 104741
77 104992
78 501
78 1276
78 1369
78 2536
78 2554
78 3624
78 3983
78 5365
78 6406
78 7494
78 7657
78 8575
78 10279
78 11827
78 12440
78 13528
78 14013
78 14065
78 14802
78 15063
78 15176
78 15302
78 15388
78 16138
78 17152
78 17465
78 17482
78 19010
78 20145
78 21713
78 21748
78 25203
78 26471
78 26959
78 27734
78 27832
78 28589
78 28800
78 30284
78 34081
78 34754
78 35010
78 35925
78 36051
78 37350
78 38780
78 38833
78 38949
78 38951
78 40282
78 41338
78 41551
78 41831
78 42041
78 43291
78 43661
78 44041
78 44253
78 44268
78 44347
78 44656
78 45037
78 45275
78 45347
78 45577
78 45709
78 46414
78 47087
78 47527
78 47952
78 48091
78 48532
78 49154
78 49317
78 50387
78 51683
78 52265
78 52308
78 53110
78 53345
78 53525
78 53686
78 54270
78 54319
78 54706
78 54737
78 55767
78 55875
78 57262
78 57437
78 60252
78 60998
78 61154
78 61210
78 61973
78 62633
78 63577
78 65056
78 65643
78 66289
78 66637
78 67137
78 68065
78 69415
78 69754
78 71778
78 72288
78 72906
78 75644
78 75876
78 76270
78 76280
78 76970
78 77296
78 77721
78 78214
78 78318
78 78361
78 78513
78 78561
78 78761
78 79940
78 80126
78 80352
78 80360
78 80618
78 80837
78 80892
78 81048
78 81667
78 82179
78 82881
78 82980
78 83093
78 83291
78 83501
78 84238
78 84297
78 84704
78 84880
78 85734
78 85800
78 86063
78 86122
78 86469
78 86605
78 86776
78 86867
78 87271
78 87541
78 87564
78 87962
78 88309
78 88805
78 89370
78 89424
78 89436
78 89544
78 89572
78 89764
78 90143
78 90304
78 90384
78 90429
78 90456
78 90862
78 91016
78 91200
78 91514
78 91739
78 92583
78 92614
78 93052
78 93066
78 93312
78 93489
78 94111
78 94174
78 94254
78 95212
78 95223
78 95407
78 95440
78 95664
78 95870
78 95997
78 96333
78 96864
78 97499
78 97552
78 98661
78 98761
78 99044
78 99369
78 99409
78 99549
78 99637
78 99849
78 100003
78 100596
78 100965
78 100986
78 101303
78 101783
78 101914
78 101979
78 101990
78 102301
78 102381
79 563
79 884
79 999
79 1016
79 1083
79 1112
79 1157
79 1212
79 1287
79 1670
79 1678
79 1989
79 2079
79 2213
79 2484
79 2531
79 2696
79 2747
79 2826
79 3722
79 3828
79 4059
79 4082
79 4114
79 4115
79 4567
79 4912
79 4990
79 5069
79 5139
79 5197
79 5540
79 5581
79 5714
79 5842
79 5933
79 6112
79 6153
79 6224
79 6310
79 6316
79 6514
79 6763
79 6811
79 6932
79 7243
79 7698
79 7726
79 7729
79 7942
79 8322
79 8472
79 8931
79 9098
79 9388
79 9528
79 9897
79 10769
79 11016
79 11045
79 11507
79 11575
79 11587
79 11896
79 12521
79 12548
79 13448
79 13459
79 13835
79 13920
79 14184
79 14536
79 14699
79 14813
79 14846
79 14932
79 15193
79 15922
79 16021
79 16188
79 16286
79 16555
79 16604
79 17299
79 17405
79 17814
79 17981
79 18657
79 18691
79 18969
79 19174
79 19279
79 19376
79 19943
79 20587
79 20677
79 21471
79 21672
79 21889
79 21896
79 22027
79 22087
79 22645
79 22988
79 23093
79 23207
79 23295
79 23756
79 24142
79 24328
79 24583
79 24979
79 25033
79 25328
79 25525
79 25789
79 25825
79 25906
79 26431
79 27051
79 27060
79 27523
79 28200
79 28445
79 29356
79 29778
79 29844
79 30209
79 30746
79 30751
79 30935
79 31356
79 31709
79 32266
79 32668
79 32680
79 32770
79 32845
79 32857
79 33394
79 33731
79 34369
79 34559
79 34575
79 34661
79 34984
79 35120
79 35518
79 35561
79 35860
79 35943
79 36129
79 36342
79 36443
79 37076
79 37095
79 37337
79 37449
79 37822
79 38237
79 38423
79 38619
79 38751
79 38796
79 39888
79 40055
79 40658
79 41208
79 41467
79 42648
79 43040
79 43175
79 43293
79 43405
79 43507
79 43752
79 43769
79 44134
79 44489
79 45119
79 45159
79 45189
79 45370
79 45607
79 45610
79 45626
79 45750
79 45994
79 46035
79 46067
79 46210
79 46407
79 46598
79 46606
79 47639
79 48184
79 48509
79 48803
79 49235
79 49332
79 49378
79 49712
79 50173
79 50386
79 50401
79 50528
79 51054
79 51594
79 51664
79 51679
79 51737
79 51944
79 52001
79 52055
79 52240
79 52299
79 52314
79 52679
79 52859
79 53816
79 53881
79 53911
79 53987
79 54459
79 54489
79 54762
79 54771
79 54792
79 55223
79 55920
79 56375
79 56607
79 56757
79 56920
79 57118
79 57598
79 58416
79 58864
79 58951
79 58987
79 59433
79 59674
79 60183
79 60786
79 61258
79 61761
79 62011
79 62106
79 62678
79 62992
79 63246
79 63752
79 64126
79 64552
79 65037
79 65212
79 65218
79 65439
79 65447
79 66093
79 67380
79 67388
79 67412
80 175
80 17067
80 17395
80 17766
80 17810
80 17980
80 18540
80 19157
80 19277
80 19587
80 19618
80 19633
80 19639
80 19960
80 20415
80 20660
80 20854
80 20883
80 20906
80 20997
80 21316
80 21683
80 22092
80 22115
80 22129
80 22694
80 22815
80 22908
80 23285
80 23407
80 23557
80 23792
80 23831
80 24141
80 24200
80 24245
80 24262
80 24451
80 24477
80 24481
80 24529
80 24929
80 25452
80 25578
80 25712
80 26060
80 26183
80 26443
80 26513
80 26703
80 26791
80 26793
80 27175
80 27630
80 28494
80 29030
80 29950
80 30134
80 30301
80 30389
80 30561
80 30740
80 30992
80 31698
80 32564
80 32717
80 32887
80 32996
80 33150
80 33229
80 33916
80 34264
80 34360
80 34565
80 34794
80 34924
80 34995
80 35302
80 35749
80 36013
80 36227
80 36315
80 36384
80 36755
80 36869
80 37267
80 37272
80 37544
80 37628
80 37924
80 38259
80 38280
80 38391
80 38629
80 38633
80 38739
80 38893
80 38964
80 39068
80 39187
80 39606
80 40159
80 40691
80 40944
80 41473
80 41487
80 41568
80 41687
80 42241
80 42343
80 42942
80 43053
80 43203
80 43366
80 44098
80 44270
80 44513
80 44744
80 45017
80 45081
80 45521
80 45872
80 45905
80 46054
80 46886
80 46923
80 47525
80 47718
80 47757
80 47765
80 47920
80 48045
80 48452
80 48733
80 49029
80 49131
80 49425
80 49503
80 50018
80 50169
80 50957
80 51379
80 51903
80 51970
80 52368
80 52376
80 52641
80 52846
80 53098
80 53283
80 53430
80 54129
80 54196
80 54523
80 55090
80 55219
80 55605
80 55640
80 55729
80 55855
80 56385
80 56462
80 56555
80 56925
80 56968
80 56990
80 57053
80 57085
80 57536
80 57829
80 57915
80 58053
80 58343
80 58559
80 58610
80 58841
80 59160
80 60162
80 60942
80 61218
80 61873
80 61982
80 62120
80 62622
80 63385
80 63480
80 63704
80 63968
80 64197
80 65338
80 65623
80 65639
80 65687
80 65990
80 66100
80 66511
80 66735
80 67512
80 67584
80 67626
80 67689
80 67739
80 68046
80 68359
80 68728
80 68833
80 68846
80 69739
80 69822
80 70149
80 70260
80 70389
80 70659
80 70853
80 71200
80 71434
80 72335
80 72566
80 73175
80 73215
80 73263
80 73396
80 73970
80 74524
80 74742
80 74753
80 75492
80 75825
80 76301
80 76379
80 77499
80 77698
80 78314
80 78458
80 78776
80 79087
80 79141
80 79370
80 79927
80 80231
80 80304
80 80343
80 80866
80 80991
80 81033
80 81656
80 81818
80 81912
80 82133
80 82332
80 82451
80 82882
80 83204
80 83237
80 83582
80 83689
80 83954
80 84098
80 84311
81 219
81 282
81 906
81 1169
81 1885
81 2136
81 2652
81 2716
81 3291
81 3889
81 5249
81 6554
81 6782
81 6824
81 7038
81 7186
81 7457
81 8061
81 8118
81 8202
81 9394
81 9577
81 9717
81 9799
81 10274
81 10285
81 10531
81 10560
81 11347
81 11439
81 11513
81 11872
81 11989
81 12059
81 12212
81 12273
81 12635
81 13067
81 13124
81 13163
81 13305
81 15021
81 15143
81 15449
81 15846
81 16308
81 16334
81 16847
81 16885
81 17358
81 17690
81 18690
81 18694
81 18798
81 19073
81 19588
81 19614
81 20032
81 20649
81 21146
81 21422
81 21720
81 21740
81 21856
81 21933
81 21998
81 22491
81 22722
81 22991
81 23443
81 23891
81 23899
81 24133
81 24217
81 24410
81 24515
81 24846
81 25196
81 25292
81 25428
81 25500
81 25675
81 26026
81 27143
81 27286
81 27288
81 27383
81 27810
81 27813
81 27872
81 28045
81 28208
81 28288
81 28782
81 29612
81 31246
81 31267
81 31333
81 31353
81 31496
81 31543
81 31633
81 31822
81 32166
81 32463
81 32570
81 32868
81 33039
81 34032
81 34285
81 35081
81 35222
81 35371
81 35662
81 35742
81 35806
81 36028
81 36070
81 36932
81 36988
81 37184
81 37799
81 37856
81 37972
81 38396
81 38585
81 39336
81 39687
81 39804
81 40863
81 40899
81 40921
81 41569
81 41925
81 41967
81 42006
81 42014
81 42049
81 42698
81 42727
81 42784
81 42929
81 43451
81 43798
81 44158
81 44204
81 44630
81 44905
81 45111
81 45377
81 45402
81 45533
81 45837
81 46270
81 47003
81 47205
81 47375
81 48921
81 48994
81 49060
81 49138
81 49344
81 49377
81 49641
81 49689
81 50051
81 50333
81 50375
81 51224
81 51494
81 51530
81 51674
81 52651
81 52751
81 53001
81 53138
81 53647
81 53658
81 54015
81 54358
81 54397
81 54811
81 55187
81 55512
81 55521
81 55658
81 55982
81 56364
81 56477
81 56897
81 56975
81 57016
81 57028
81 57106
81 57142
81 57570
81 57641
81 57976
81 58040
81 58064
81 59380
81 60692
81 61375
81 61558
81 61787
81 61865
81 62001
81 62262
81 62476
81 62572
81 62619
81 62621
81 62661
81 62702
81 63033
81 63249
81 63287
81 63995
81 64038
81 64978
81 64999
81 65048
81 65076
81 65082
81 65601
81 65712
81 65766
81 66757
81 67322
81 67396
81 67661
81 68572
81 68671
81 68833
81 69648
81 69915
81 70303
81 70743
81 71061
81 71342
81 72003
81 72013
81 72500
81 73206
81 73561
81 74282
81 75048
81 75495
81 75703
81 75717
81 75932
81 75943
81 76406
81 76831
81 76897
81 76958
81 77408
81 77766
81 78092
81 78119
81 79010
81 79240
81 79431
81 79467
81 79821
81 80721
81 80830
81 80898
81 80920
81 80964
81 81185
81 82080
81 82457
81 82621
81 83000
81 83218
81 83367
81 83475
81 83595
81 83864
81 84297
81 84527
81 84588
81 85109
81 85179
81 85571
81 85783
81 85816
81 85864
81 86109
81 86386
81 87786
81 87977
81 88347
81 89857
81 89931
81 90033
81 90122
81 90449
81 90663
81 90711
81 90723
81 90872
81 91024
81 91049
81 91113
81 91220
81 91290
81 91321
81 91349
81 91406
81 91979
81 92195
81 92237
81 92369
81 92918
81 92941
81 93254
81 93574
81 93624
81 93841
81 93886
81 94270
81 94297
81 94391
81 94400
81 94507
81 94930
81 94977
81 95390
81 95951
81 96041
81 96516
81 96557
81 96861
81 97753
81 98399
81 98531
81 99715
81 99773
81 99852
81 99871
81 100018
81 100100
81 100428
81 100612
81 101238
81 101319
81 101813
81 102102
81 102138
81 102322
81 102817
81 103796
81 103818
81 104316
81 104391
81 104411
81 105103
81 105173
81 105355
81 105558
81 105818
81 105876
81 105939
81 106070
81 106305
81 106470
81 106489
81 106895
81 107067
81 107112
81 107230
81 107511
81 107594
82 218
82 580
82 595
82 796
82 869
82 1041
82 1461
82 1497
82 2038
82 2322
82 2340
82 2354
82 2440
82 2485
82 2956
82 2978
82 3047
82 3092
82 3318
82 3574
82 4221
82 4305
82 4518
82 4624
82 4901
82 5166
82 5305
82 5484
82 5591
82 5600
82 5793
82 5799
82 6187
82 6548
82 6730
82 7092
82 7436
82 7884
82 8085
82 8192
82 8550
82 8690
82 8830
82 8880
82 8941
82 8985
82 9051
82 9148
82 9394
82 9481
82 10552
82 10581
82 10765
82 10970
82 11397
82 11917
82 11937
82 12004
82 12265
82 12323
82 12756
82 12838
82 12842
82 13106
82 13496
82 13917
82 14323
82 14457
82 14543
82 14614
82 15108
82 15186
82 15203
82 15243
82 15351
82 15406
82 15544
82 16224
82 16277
82 16440
82 16800
82 17533
82 17604
82 17640
82 17915
82 18022
82 18523
82 18653
82 19278
82 19298
82 19334
82 19514
82 20394
82 20875
82 21177
82 21294
82 21544
82 22780
82 22801
82 23030
82 23112
82 23557
82 23717
82 24269
82 24401
82 24550
82 25030
82 25498
82 25881
82 25968
82 26449
82 26464
82 26854
82 26993
82 28811
82 29217
82 29847
82 30705
82 30977
82 31137
82 31298
82 31423
82 31556
82 31575
82 31751
82 32428
82 32613
82 33228
82 33428
82 33522
82 34121
82 34227
82 34318
82 34883
82 34908
82 35118
82 35355
82 35481
82 36225
82 36396
82 36745
82 36947
82 37020
82 37373
82 38005
82 38019
82 38086
82 38400
82 38466
82 38778
82 38827
82 38938
82 38988
82 39116
82 39812
82 40159
82 40169
82 40689
82 41162
82 41176
82 42171
82 42237
82 42414
82 42434
82 42729
82 42803
82 42890
82 43078
82 43277
82 43763
82 43992
82 44482
82 44570
82 44847
82 45143
82 45364
82 45392
82 45460
82 45474
82 45523
82 45705
82 46035
82 46037
82 46143
82 46462
82 46476
82 46510
82 46543
82 46554
82 46709
82 46922
82 47222
82 47837
82 48054
82 48224
82 48347
82 48388
82 48983
82 49584
82 49769
82 49941
82 50154
82 50254
82 50339
82 50452
82 50792
82 50992
82 51022
82 51518
82 51922
82 52050
82 52173
82 52247
82 52624
82 52908
82 53238
82 53457
82 53575
82 54341
82 54352
82 54531
82 54620
82 54870
82 55156
82 55205
82 55591
82 55932
82 56315
82 56840
82 57253
82 57319
82 57874
82 58067
82 58573
82 58578
82 58843
82 59107
82 59593
82 60539
82 61325
82 61436
82 61661
82 61821
82 61938
82 62272
82 62802
82 62814
82 62824
82 63002
82 63412
82 63537
82 63792
82 63953
82 64216
82 64401
82 64543
82 64743
82 64946
82 64955
82 65274
82 65288
82 65671
82 66044
82 66093
82 66179
82 66447
82 67176
82 67220
82 67308
82 67569
82 67572
82 67667
82 67765
82 67921
82 67959
82 68135
82 68557
82 69023
82 69118
82 69659
82 69748
82 69936
82 70151
82 70199
82 71006
82 71485
82 71510
82 71513
82 71808
82 72122
82 72253
82 72667
82 73245
82 73674
82 73722
82 74201
82 74257
82 74370
82 74498
82 74606
82 74754
82 74896
82 75038
82 75331
82 75444
82 75514
82 75598
82 75777
82 76368
82 76449
82 77022
82 77108
82 77284
82 77467
82 77581
82 77743
82 78019
82 78278
82 78348
82 78622
82 78671
82 79449
82 79774
82 79777
82 80006
82 80829
82 81088
82 81359
82 81639
82 81917
82 81932
82 82020
82 82039
82 82043
82 82177
82 82432
82 83297
82 83601
82 83721
82 84535
82 84574
82 84624
82 84960
82 84967
82 86163
82 86273
82 86360
82 86706
82 87435
82 87458
82 88002
82 88824
82 89151
82 89939
82 90299
82 90504
82 90554
82 90632
82 90633
82 91151
82 91213
82 91787
82 91839
82 91891
82 91915
82 92540
82 92577
82 92631
82 92700
82 92946
82 93160
82 93286
82 93456
82 93685
82 93897
82 94112
82 94149
82 94288
82 94367
82 94807
82 95349
82 95417
82 95610
82 95774
82 95794
82 96150
82 97312
82 97486
82 97708
82 97729
82 98077
82 98171
82 98193
83 476
83 2032
83 2077
83 2711
83 2721
83 2963
83 2999
83 3346
83 3358
83 3997
83 4172
83 4517
83 4551
83 4668
83 4775
83 5330
83 5757
83 5795
83 7283
83 8147
83 8761
83 9369
83 9735
83 10086
83 10105
83 10305
83 10370
83 10443
83 11121
83 11247
83 11411
83 11639
83 12082
83 12097
83 12223
83 12424
83 12517
83 12723
83 13151
83 13432
83 13514
83 13574
83 14035
83 14520
83 15318
83 15411
83 16254
83 16468
83 16720
83 16832
83 17049
83 17380
83 17602
83 18052
83 18439
83 18647
83 18829
83 18918
83 18958
83 20089
83 20266
83 20733
83 20789
83 21179
83 22006
83 22559
83 22588
83 22900
83 23046
83 23135
83 23210
83 23429
83 24131
83 24156
83 24217
83 24228
83 25260
83 25350
83 25689
83 25856
83 25930
83 26739
83 26841
83 26947
83 27011
83 27758
83 27944
83 27989
83 28608
83 28959
83 29260
83 30092
83 30191
83 30246
83 30480
83 30491
83 30905
83 30966
83 31159
83 32151
83 32967
83 33244
83 33857
83 34254
83 35009
83 35026
83 35123
83 35610
83 35711
83 36328
83 36405
83 36871
83 37086
83 38240
83 38285
83 38359
83 38801
83 39392
83 39582
83 39651
83 40020
83 40632
83 40780
83 41095
83 41178
83 41329
83 41476
83 41494
83 41511
83 41618
83 41686
83 42186
83 42308
83 42463
83 42532
83 42547
83 42596
83 42676
83 42681
83 42833
83 42887
83 43038
83 43650
83 43894
83 44102
83 44305
83 44679
83 44987
83 45409
83 45959
83 46008
83 46122
83 46225
83 46370
83 46704
83 47515
83 47666
83 47775
83 47826
83 48207
83 48475
83 48689
83 48714
83 48789
83 48817
83 49154
83 49600
83 49772
83 50131
83 50233
83 50364
83 50486
83 51434
83 51631
83 51944
83 52567
83 52593
83 52996
83 53724
83 53860
83 53889
83 54216
83 54289
83 54640
83 54657
83 54966
83 55089
83 55125
83 55944
83 56084
83 56094
83 56216
83 56253
83 56320
83 57801
83 58995
83 60193
83 60474
83 60519
83 61005
83 61046
83 61157
83 61430
83 61514
83 61773
83 61835
83 62012
83 62305
83 62316
83 63264
83 63901
83 63918
83 63995
83 64033
83 64101
83 64275
83 64910
83 64921
83 65409
83 65798
83 66722
83 66733
83 66934
83 66977
83 67007
83 67410
83 67790
83 68073
83 68188
83 68332
83 68645
83 69111
83 69931
83 70536
83 70641
83 70678
83 70727
83 70764
83 70772
83 70788
83 71571
83 71706
83 71874
83 72086
83 72126
83 72283
83 72426
83 72590
83 73136
83 73742
83 73995
83 74120
83 74366
83 74542
83 74555
83 74729
83 74760
83 75515
83 75781
83 76082
83 76146
83 76164
83 76438
83 76514
83 76551
83 76760
83 77379
83 78037
83 78535
83 78652
83 78956
83 79066
83 79687
83 80089
83 80318
83 80385
83 80495
83 81645
83 81766
83 81992
83 82356
83 82858
83 83261
83 83502
83 83508
83 83883
83 83935
83 83968
83 83994
83 84048
83 84309
83 84427
83 85858
83 86001
83 86007
83 86721
83 86759
83 87101
83 87836
83 88020
83 88119
83 88399
83 88433
83 88549
83 88766
83 88952
83 89842
83 91297
83 91764
83 91915
83 92025
83 92122
83 92905
83 93695
83 93762
83 94317
83 95116
83 95259
83 95393
83 95433
83 95686
83 95869
83 96195
83 96225
83 96336
83 96766
83 96793
83 97499
83 98329
83 98349
83 98680
83 98700
83 98709
83 98781
83 99165
83 99309
83 99682
83 99835
83 101106
83 101235
83 101357
83 101498
83 101952
83 102107
83 102794
83 102925
83 102997
83 103047
83 103092
83 103187
83 103280
83 103375
83 104261
83 104463
83 104667
83 104672
83 104918
83 104958
83 105551
83 105803
83 105808
83 105858
83 106656
83 106910
83 107295
84 40
84 201
84 1496
84 1760
84 2102
84 2245
84 2613
84 2746
84 2797
84 3119
84 3414
84 3427
84 3593
84 3745
84 4046
84 4645
84 4687
84 4852
84 5177
84 5565
84 5599
84 6218
84 6835
84 7077
84 8214
84 8442
84 8612
84 8851
84 9143
85 185
85 341
85 389
85 438
85 445
85 475
85 479
85 1014
85 1052
85 1273
85 1320
85 2942
85 3604
85 3806
85 4071
85 4684
85 4958
85 4982
85 5355
85 6043
85 6446
85 6670
85 7137
85 7318
85 7418
85 7471
85 7854
85 8075
85 9006
85 9219
85 9300
85 9474
85 9577
85 9742
85 9756
85 9887
85 10054
85 10321
85 10500
85 11167
85 11437
85 11449
85 11729
85 11848
85 12079
85 12219
85 12332
85 12410
85 12413
85 12720
85 12849
85 12851
85 12919
85 13484
85 14064
85 14117
85 15033
85 15621
85 15773
85 16216
85 16223
85 16947
85 17064
85 17086
85 17282
85 17839
85 18008
85 18086
85 18123
85 18323
85 18642
85 19083
85 19126
85 19637
85 20330
85 20343
85 20946
85 21741
85 22028
85 22518
85 22903
85 23267
85 23383
85 23651
85 23678
85 23934
85 24045
85 24109
85 24275
85 24513
85 24807
85 25439
85 25802
85 25874
85 26140
85 26778
85 27371
85 27486
85 27539
85 27615
85 28179
85 29278
85 29317
85 29485
85 29819
85 29844
85 30871
85 30913
85 31487
85 31699
85 31964
85 31976
85 32056
85 32094
85 32773
85 32965
85 33545
85 34151
85 34706
85 35136
85 35644
85 35959
85 36414
85 36445
85 36487
85 36541
85 37584
85 37650
85 37736
85 37874
85 38045
85 38155
85 38339
85 38506
85 38661
85 38861
85 39616
85 40742
85 41205
85 41591
85 41658
85 41692
85 41750
85 42149
85 42169
85 42596
85 42806
85 43014
85 43684
85 44148
85 44338
85 44458
85 45032
85 45068
85 45087
85 45098
85 45124
85 45160
85 45168
85 45785
85 47295
85 47370
85 47526
85 47587
85 48000
85 48444
85 49092
85 49093
85 49193
85 49389
85 50087
85 50147
85 50233
85 50237
85 50763
85 50856
85 51207
85 51245
85 51477
85 51478
85 51973
85 52033
85 52599
85 52697
85 52799
85 52997
85 53077
85 53831
85 53958
85 53997
85 54059
85 54304
85 54370
85 54406
85 54549
85 54665
85 54983
85 55034
85 55150
85 55342
85 55456
85 55706
85 55877
85 56290
85 56303
85 56669
85 56965
85 57266
85 57536
85 57773
85 58180
85 58336
85 59338
85 59542
85 59905
85 60099
85 60231
85 60754
85 61151
85 61860
85 62057
85 63333
85 63471
85 63476
85 63881
85 64510
85 64741
85 66267
85 66592
85 67138
85 67511
85 68142
85 68180
85 68418
85 68441
85 68596
85 69058
85 69061
85 69156
85 69191
85 69339
85 69488
85 69564
85 69788
85 70091
85 70146
85 70707
85 70756
85 71194
85 73120
85 73542
85 73868
85 74115
85 74158
85 75267
85 75293
85 75327
85 75382
85 75596
85 75709
85 75871
85 76025
85 76189
85 76632
85 76785
85 76857
85 77136
85 77160
85 77240
85 77536
85 77645
85 78023
85 79173
85 79230
85 79237
85 79332
85 79361
85 79858
85 79966
85 80154
85 80177
85 80714
85 80929
85 81349
85 81430
85 81767
85 81937
85 82219
85 82402
85 82739
85 82830
85 82837
85 82873
85 83245
85 83647
85 83753
85 84011
85 84020
85 84249
85 84480
85 84920
85 85343
85 85943
85 86087
85 86329
85 86451
85 86595
85 86919
85 87140
85 87187
85 87640
85 87797
85 88103
85 88141
85 88213
85 88330
85 88907
85 89104
85 89392
85 89460
85 89590
85 91093
85 91586
85 91791
85 91884
85 92152
85 92435
85 92573
85 92613
85 93008
85 93143
85 93590
85 93605
85 94128
85 94932
85 95055
85 95120
85 95153
85 95556
85 99278
85 105644
85 106686
85 113975
85 115250
87 58
87 241
87 360
87 426
87 624
87 628
87 662
87 1683
87 1686
87 1924
87 2355
87 2573
87 2825
87 3113
87 3153
87 3237
87 3272
87 3550
87 3587
87 3616
87 3791
87 3933
87 4100
87 4401
87 4539
87 4584
87 4652
87 4672
87 4988
87 5016
87 5170
87 5349
87 5424
87 5434
87 5515
87 5542
87 5644
87 5865
87 5965
87 6300
87 6502
87 6745
87 7700
87 7829
87 8547
87 8879
87 8907
87 9286
87 9424
87 10182
87 10211
87 10263
87 10652
87 10687
87 10811
87 10816
87 10900
87 11127
87 11156
87 11234
87 11347
87 11484
87 11804
87 12010
87 12132
87 12143
87 12153
87 12362
87 12436
87 12698
87 12747
87 13007
87 13291
87 13561
87 13803
87 14386
87 14602
87 14683
87 14964
87 14966
87 14972
87 15700
87 16341
87 16392
87 16541
87 16991
87 17522
87 17653
87 17665
87 17726
87 17820
87 17936
88 93
88 123
88 370
88 1453
88 2057
88 2379
88 2413
88 2431
88 2677
88 3277
88 3461
88 3690
88 3898
88 3982
88 4102
88 4302
88 4591
88 4617
88 5570
88 5751
88 5939
88 6193
88 6344
88 6401
88 6590
88 6772
88 6801
88 6828
88 7123
88 7137
88 7399
88 7470
88 7502
88 7624
88 8154
88 8281
88 8406
88 8560
88 8777
88 9115
88 9850
88 9864
88 9925
88 10052
88 10133
88 10732
88 10776
88 10805
88 10809
88 11095
88 11360
88 11848
88 12051
88 12324
88 13705
88 13788
88 14007
88 14255
88 14378
88 15609
88 15633
88 15751
88 15962
88 16516
88 16624
88 16668
88 17234
88 17818
88 18023
88 18052
88 18110
88 18153
88 18866
88 19606
88 19936
88 19940
88 20122
88 20682
88 20725
88 21028
88 21085
88 21236
88 21313
88 21380
88 21463
88 21877
88 22038
88 22163
88 22217
88 22936
88 23143
88 23174
88 23221
88 23550
88 23833
88 23996
88 24197
88 24396
88 24680
88 24880
88 25214
88 25423
88 25551
88 26184
88 27184
88 27409
88 27505
88 29339
88 29456
88 29503
88 29867
88 30070
88 30216
88 30305
88 30492
88 30561
88 30739
88 31158
88 31554
88 31575
88 32527
88 32681
88 33034
88 33214
88 33311
88 34027
88 34227
88 34248
88 34469
88 34918
88 34940
88 35019
88 35469
88 35920
88 36109
88 36395
88 36716
88 36762
88 37021
88 37062
88 37236
88 37396
88 37421
88 37858
88 38369
88 38659
88 38753
88 38820
88 39197
88 39213
88 39245
88 39303
88 39389
88 39485
88 39768
88 39835
88 39992
88 39997
88 40260
88 40521
88 40833
88 40964
88 41151
88 41303
88 42483
88 43103
88 44189
88 45338
88 45402
88 45586
88 45593
88 45689
88 45706
88 45862
88 46121
88 46752
88 46768
88 46882
88 47105
88 47119
89 41
89 43
89 632
89 933
90 181
90 186
90 820
90 859
90 891
90 916
90 1514
90 2185
90 2599
90 3124
90 3275
90 3571
90 4241
90 4291
90 4684
90 4943
90 4985
90 5054
90 5474
90 6156
90 6286
90 6808
90 7304
90 7489
90 7686
90 7720
90 7895
90 8261
90 9050
90 9111
90 9859
90 10201
90 10220
90 10299
90 10397
90 10562
90 10779
90 11263
90 11278
90 11412
90 11510
90 11663
90 12001
90 12150
90 13396
90 13932
90 13962
90 14408
90 14627
90 14929
90 14969
90 15076
90 15725
90 15968
90 16155
90 16460
90 16924
90 16969
90 17270
90 17427
90 17841
90 18172
90 18407
90 18571
90 20412
90 20458
90 20574
90 21093
90 21245
90 21355
90 21467
90 21505
90 21733
90 21838
90 21902
90 22225
90 22374
90 22410
90 23203
90 23461
90 23585
90 23797
90 24130
90 24766
90 25417
90 25660
90 25742
90 25761
90 25799
90 25945
90 26043
90 26055
90 26170
90 26306
90 26837
90 27053
90 27541
90 28725
90 29022
90 29481
90 29516
90 29566
90 30386
90 30410
90 30734
90 30754
90 30937
90 31372
90 31405
90 31731
90 31782
90 31918
90 32625
90 32711
90 32767
90 32806
90 32861
90 33105
90 33353
90 33542
90 33580
90 34337
90 34476
90 35022
90 35092
90 35112
90 35375
90 35814
90 35911
90 36633
90 36660
90 37215
90 38354
90 38492
90 39100
90 39256
90 40202
90 40288
90 40320
90 40513
90 40817
90 40874
90 41199
90 41688
90 41727
90 41742
90 41846
90 42255
90 42501
90 42929
90 43608
90 43618
90 43917
90 44321
90 44368
90 44441
90 44679
90 44761
90 45212
90 45246
90 45297
90 45534
90 45635
90 46004
90 46055
90 46064
90 46390
90 46503
90 46611
90 46768
90 46801
90 47060
90 47441
90 47515
90 48152
90 48319
90 48393
90 48446
90 48791
90 49008
90 49560
90 49575
90 49874
90 50212
90 50213
90 50568
90 50757
90 50939
90 50981
90 51279
90 51761
90 51957
90 51976
90 52037
90 52089
90 52392
90 52561
90 52949
90 53037
90 53269
90 53276
90 53837
90 54155
90 54351
90 54427
90 54556
90 54696
90 54931
90 55222
90 55381
90 55419
90 55969
90 56031
90 56264
90 56395
90 56843
90 57734
90 57775
90 58079
90 58346
90 58510
90 59022
90 59171
90 59279
90 59323
90 59370
90 59381
90 59456
90 59658
90 59957
90 60070
90 60122
90 60216
90 60234
90 60681
90 60779
90 60881
90 60994
90 61112
90 61141
90 61510
90 61758
90 62145
90 62163
90 62429
90 62634
90 63040
90 63271
90 63421
90 63475
90 64067
90 64889
90 65024
90 65303
90 65541
90 66007
90 66022
90 66044
90 66210
90 66343
90 66695
90 67089
90 67357
90 67536
90 67970
90 68107
90 68267
90 68457
90 68535
90 68624
90 68679
90 68693
90 69035
90 69157
90 69344
90 69651
90 69923
90 69992
90 70488
90 70531
90 70612
90 70810
90 71082
90 71994
90 72709
90 72887
90 72899
90 72944
90 73466
90 73778
90 73958
90 74130
90 74378
90 74463
90 74886
90 74910
90 75158
90 75229
90 75254
90 75542
90 75699
90 75711
90 75750
90 76236
90 76409
90 76646
90 77112
90 77120
90 77688
90 78678
90 78846
90 78999
90 79346
90 79616
90 79800
90 79837
90 80055
90 80563
90 80750
90 81934
90 82071
90 82100
90 82170
90 82297
90 82453
90 82708
90 82917
90 82962
90 83025
90 83294
90 83299
90 83342
90 83432
90 84025
90 84477
90 84529
90 85065
90 85401
90 85560
90 85707
90 86022
90 86171
90 86752
90 86962
90 87163
90 87411
90 87833
90 88018
90 88444
90 89062
90 89343
90 89525
90 89541
90 89931
90 90069
90 90223
90 90257
90 90325
90 90450
90 91149
90 91174
90 91185
90 91458
90 91477
90 91490
90 91695
90 91750
90 92648
90 92702
90 92743
90 92775
90 92878
90 93407
90 93525
90 93977
90 94003
90 94429
90 94511
90 94975
90 95127
90 95188
90 95268
90 95666
90 96023
90 96568
90 97459
90 97505
90 98004
90 98120
90 98192
90 98659
90 98713
90 99494
90 99680
90 99943
90 99995
90 100227
90 100354
90 100404
90 100598
90 100610
90 100808
90 101036
90 101061
90 101224
90 101561
90 101693
90 101729
90 102124
90 102485
90 102743
90 103395
90 103402
90 103404
90 104180
90 104470
90 104702
90 104833
90 105035
90 105478
90 105573
90 105607
90 105610
90 106035
90 106123
90 106271
90 106551
90 106928
90 106971
90 107175
90 107563
90 107602
90 107626
90 108354
90 108440
90 108622
90 108722
90 108828
90 109063
90 109078
90 109174
90 109824
90 109885
90 109916
90 110061
90 110390
90 110422
90 110832
90 110976
90 111206
90 111366
90 111577
90 111987
90 112365
90 112955
90 113032
90 113060
90 113124
90 113135
90 113356
90 113733
90 113806
90 113982
90 114065
90 114529
90 114538
90 114707
90 115048
90 115085
90 115277
90 115661
90 115963
90 116077
90 116162
90 116374
90 116469
90 116521
90 116719
90 116805
90 116857
90 117284
90 117468
90 117703
90 118577
90 118621
90 118725
90 118963
90 119124
90 119668
90 119748
90 120268
90 120482
90 120651
90 120756
90 120760
90 121956
90 122698
90 122877
90 122953
90 123084
90 123092
90 123217
90 123294
90 123534
90 123594
90 123690
90 123770
90 124001
90 124012
90 124261
90 124634
90 125162
90 125846
90 125877
90 125927
90 125979
90 126223
90 126373
90 126475
90 126757
90 127120
90 127308
90 127772
90 127981
90 128557
90 128595
90 128646
90 128938
90 128988
90 129151
90 129211
90 129433
90 129666
90 129684
90 129799
90 129872
90 129877
90 130057
90 130218
90 130720
90 130780
90 131789
90 132062
90 132253
90 132759
90 133889
90 133953
90 133995
90 134012
90 134045
90 134320
90 134701
90 134852
90 134904
90 135007
90 135556
90 135598
90 135652
90 135695
90 135748
90 136243
90 136509
90 136603
90 136622
90 136661
90 136672
90 136691
90 136746
90 136766
90 136873
90 137197
90 137765
90 139130
90 139503
90 139552
90 139621
90 139917
90 140134
90 140174
90 140232
90 140235
90 140549
90 140604
90 140885
90 141093
90 141181
90 141395
90 141583
90 141638
90 141647
90 141698
90 142054
90 142136
90 142340
90 142442
90 142466
90 143242
90 143549
90 143758
90 143819
90 143904
90 144201
90 144232
90 144303
90 144461
90 144999
90 145004
90 145031
90 145228
90 145451
90 145654
90 146134
90 146152
90 146240
90 146305
90 146505
90 146920
90 147360
90 148221
90 148563
90 148573
90 148769
90 149513
90 149767
90 149971
90 151342
90 151453
90 151631
90 151835
90 152188
90 152234
90 152330
90 152515
90 152603
90 152824
90 153027
90 153098
90 153286
90 153417
90 153557
90 153593
90 153790
90 154609
90 154784
90 154874
90 154986
90 154998
90 155406
90 155407
90 155420
90 155737
90 155814
90 156395
90 156504
90 157003
90 157037
90 157064
90 157234
90 157416
90 157875
90 157876
90 158857
90 159013
90 159471
90 159601
90 159768
90 159786
90 159844
90 159935
90 160207
90 160307
90 160323
90 160470
90 160865
90 161702
90 162683
90 162717
90 162718
90 163357
90 163375
90 163642
90 163750
90 163777
90 163813
90 163817
90 163913
90 164075
90 164260
90 164449
90 164712
90 165354
90 165396
90 165637
90 165649
90 166814
90 166933
90 167109
90 167146
90 167659
90 168300
90 168354
90 168647
90 168916
90 168972
90 169132
90 169438
90 169528
90 169952
90 170450
90 170616
90 171092
90 171604
90 172044
90 172120
90 172287
90 172298
90 172738
90 172820
90 172837
90 173182
90 173301
90 173323
90 174335
90 174496
90 174796
90 175364
90 175464
90 175678
90 175886
90 175940
90 175959
90 176320
90 176388
90 176594
90 176975
90 176992
90 177136
90 177232
90 177433
90 177696
90 178232
90 178323
90 178392
90 178451
90 178702
90 178727
90 179175
90 179296
90 179347
90 179644
90 179697
90 179840
90 179952
90 180635
90 181068
90 181347
90 181463
90 182065
90 182140
90 182152
90 182377
90 182548
90 182717
90 182863
90 183148
90 183438
90 183640
90 183912
90 184040
90 184214
90 184431
90 184554
90 184568
90 185125
90 185330
90 185450
90 185608
90 185668
90 185723
90 186600
90 186908
90 187502
90 187579
90 187586
90 187686
90 188148
90 188281
90 188357
90 188733
90 188749
90 189200
90 189556
90 189596
90 189655
90 190128
90 190316
90 190438
90 190445
90 190739
90 190831
90 191096
90 191181
90 191243
90 191249
90 191278
90 191801
90 192106
90 192250
90 192422
90 192459
90 192909
90 193018
90 193099
90 193619
90 193807
90 193944
90 194097
90 194153
90 194211
90 194243
90 194420
90 195197
90 195543
91 82
91 267
91 473
91 479
91 537
91 597
91 614
91 898
91 1213
91 1677
91 2263
91 2332
91 2424
91 2481
91 2542
91 2688
91 2921
91 3119
91 3183
91 3260
91 3318
91 3342
91 3367
91 3404
91 3448
91 3513
91 3748
91 4018
91 4615
91 4671
91 4927
91 5005
91 5547
91 5562
91 5611
91 6174
91 6259
91 6362
91 6502
91 6583
91 6601
91 6640
91 6670
91 6677
91 6793
91 7077
91 7138
91 7193
91 7359
91 7449
91 7499
91 7762
91 7801
91 7884
91 8756
91 8917
91 8986
91 9468
91 9593
91 9969
91 10101
91 10197
91 10460
91 10487
91 10533
91 10596
91 10772
91 10837
91 11188
91 11221
91 11231
91 12274
91 13025
91 13080
91 13150
91 13171
91 13565
91 14176
91 14661
91 14845
91 15529
91 16408
91 16452
91 16751
91 17543
91 17674
91 17752
91 17968
91 17998
91 18094
91 18207
91 18963
91 19089
91 19128
91 19203
91 19310
91 20182
91 20226
91 20426
91 20939
91 21801
91 21885
91 21895
91 22067
91 22209
91 22401
91 23108
91 23653
91 23981
91 24314
91 24319
91 24736
91 24805
91 24842
91 25638
91 25897
91 26180
91 26302
91 26621
91 26705
91 26883
91 26915
91 26930
91 26947
91 27960
91 28058
91 28225
91 28483
91 28749
91 28824
91 29585
91 29665
91 29681
91 30227
91 30242
91 30675
91 30841
91 31526
91 31636
91 32094
91 32542
91 32861
91 33124
91 33160
91 33247
91 33361
91 33517
91 33566
91 33609
91 33620
91 34336
91 34405
91 35292
91 35433
91 35809
91 35884
91 36249
91 36324
91 36877
91 36924
91 37166
91 37407
91 37428
91 37508
91 37888
91 37912
91 38202
91 38298
91 38716
91 39052
91 39140
91 39161
91 39204
91 39259
91 39364
91 39483
91 39743
91 40268
91 40341
91 40466
91 40601
91 40635
91 40837
91 41314
91 41492
91 41656
91 41745
91 42888
91 43031
91 43032
91 43399
91 43431
91 43717
91 44269
91 44373
91 44852
91 44880
91 44926
91 45180
91 45237
91 45257
91 45259
91 46035
91 46078
91 46326
91 46420
91 46483
91 46872
91 46873
91 46887
91 47412
91 47735
91 48231
91 48328
91 48365
91 48441
91 48555
91 48832
91 48899
91 49061
91 49542
91 49598
91 49775
91 50178
91 50537
91 50928
91 51634
91 51759
91 52313
91 52635
91 52730
91 52791
91 52847
91 52860
91 53605
91 53757
91 53956
91 54071
91 54459
91 54515
91 54804
91 54876
91 55085
91 55524
91 55634
91 55694
91 55849
91 56633
91 56734
91 56859
91 56947
91 57036
91 57128
91 57133
91 57158
91 57202
91 57238
91 57248
91 57308
91 57588
91 58241
91 58441
91 58497
91 58596
91 58642
91 58843
91 59019
91 59357
91 59788
91 59967
91 60123
91 60464
91 61123
91 62921
91 63003
91 63037
91 63088
91 63828
91 64675
91 64709
91 65027
91 66108
91 66141
91 68316
91 68534
91 68646
91 68865
91 69024
91 69138
91 69319
91 69349
91 69485
91 69740
91 70020
91 70065
91 70082
91 70155
91 70440
91 70668
91 70966
91 71285
91 71712
91 72138
91 72323
91 73005
91 73179
91 73560
91 73672
91 74028
91 74265
91 74367
91 74553
91 74762
91 74844
91 75224
91 75502
91 75702
91 75852
91 76352
91 76375
91 76701
91 76956
91 76983
91 77271
91 77484
91 77542
91 77650
91 77942
91 77949
91 78365
91 78785
91 78800
91 78834
91 78925
91 79916
91 80083
91 80363
91 80941
91 81032
91 81076
91 81212
91 82236
91 82620
91 82703
91 83450
91 84039
91 84172
91 84692
91 85708
91 85875
91 85891
91 86393
91 86397
91 86414
91 86684
91 87314
91 87333
91 87574
91 88452
91 88724
91 88796
91 89153
91 89186
91 89677
91 90549
91 90878
91 91308
91 91345
91 91823
91 92069
91 92095
91 92154
91 92460
91 92594
91 93035
91 93142
91 93210
91 93211
91 93244
91 93352
91 93441
91 93665
91 93956
91 94040
91 94151
91 94189
91 94439
91 94547
91 95020
91 95096
91 95155
91 95680
91 95727
91 95769
91 96352
91 96396
91 96620
91 96848
91 96896
91 97005
91 97158
91 97353
91 97409
91 97602
91 97913
91 98406
91 98431
91 98496
91 99063
91 99273
91 99676
91 99940
91 100560
91 100608
91 100886
91 101066
91 101581
91 102315
91 102612
91 103787
91 104076
91 104358
91 104729
91 104914
91 104943
91 105535
91 105631
91 105893
91 106451
91 106475
91 106680
91 106692
91 106787
91 106972
91 107014
91 107021
91 107099
91 107140
91 107881
91 108698
91 108819
91 108878
91 109019
91 109116
91 109165
91 109250
91 109408
91 109459
91 109607
91 109880
91 109956
91 110197
91 110221
91 110404
91 110656
91 110724
91 111166
91 111768
91 111954
91 112070
91 112591
91 112726
91 112879
91 113350
91 113524
91 113994
91 114164
91 114366
91 114437
91 114719
91 114832
91 114899
91 114930
91 114947
91 114965
91 115239
91 115257
91 115522
91 116337
91 116553
91 116697
91 116768
91 117236
91 117403
91 117687
91 117824
91 118243
91 118423
91 118613
91 119091
91 119352
91 119424
91 119654
91 120179
91 121109
91 121149
91 121182
91 121471
91 121740
91 121777
91 122047
91 122139
91 122934
91 123029
91 123210
91 123350
91 123607
91 123845
91 123990
91 125018
91 125910
91 125929
91 126257
91 126303
91 126661
91 126719
91 126774
91 127071
91 127616
91 127626
91 127818
91 128197
91 128275
91 128307
91 128378
91 129062
91 129132
91 129554
91 129865
91 130185
91 130644
91 131050
91 131249
91 131623
91 131688
91 131741
91 133192
91 133374
91 133400
91 134081
91 134255
91 134412
91 134608
91 134750
91 135381
91 135541
91 135685
91 135782
91 135877
91 135926
91 135949
91 136109
91 136216
91 136676
91 136758
91 136951
91 137175
91 137714
91 137725
91 137840
91 138159
91 138345
91 138394
91 138731
91 138746
91 139140
91 139303
91 139422
91 139439
91 139841
91 139938
91 140004
91 140010
91 140151
91 140250
91 140461
91 140589
91 140954
91 141069
91 141130
91 141210
91 141218
91 141687
91 142261
91 143060
91 143613
91 143827
91 143965
91 144198
91 144225
91 145659
91 145680
91 145785
91 146018
91 146342
91 146364
91 146365
91 146402
91 146604
91 146947
91 148335
91 148401
91 148465
91 149347
91 149713
91 149740
91 150216
91 150301
91 150483
91 150485
91 150728
91 150743
91 150974
91 151072
91 151172
91 151305
91 151321
91 151449
91 151509
91 151730
91 152155
91 152159
91 152415
91 152580
91 153056
91 153059
91 153310
91 153425
91 154045
91 154201
91 154219
91 154472
91 154833
91 155037
91 155116
91 155418
91 155473
91 155634
91 156099
91 156213
91 156246
91 156326
91 156530
91 156720
91 157515
91 157548
91 157635
91 158044
91 158923
91 159088
91 159193
91 159729
91 159966
91 160223
91 160273
91 160641
91 161272
91 161535
91 161854
91 161881
91 162431
91 162777
91 162975
91 163243
91 163668
91 163924
91 164303
91 164438
91 164625
91 164661
91 164702
91 164830
91 164907
91 164972
91 164994
91 165470
91 165669
91 165906
91 165996
91 166080
91 166120
91 166402
91 166494
91 167121
91 167132
91 167487
91 167521
91 167605
91 168428
91 168862
91 169061
91 169231
91 169528
91 169790
91 170114
91 170663
91 170737
91 170848
91 171046
91 171047
91 171058
91 171138
92 81
92 105
92 143
92 149
92 185
92 1323
92 1378
92 1823
92 1859
92 2002
92 2006
92 2060
92 2278
92 2744
92 3004
92 3763
92 4936
92 5017
92 5116
92 5226
92 5803
92 5836
92 6151
92 6152
92 6376
92 6410
92 6487
92 6560
92 6565
92 6611
92 6775
92 6800
92 6806
92 7430
92 7547
92 7772
92 8380
92 8774
92 8861
92 8950
92 10130
92 10158
92 10409
92 10724
92 10808
92 10983
92 11101
92 11164
92 11249
92 12027
92 12159
92 12719
92 13007
92 13271
92 13421
92 13686
92 14443
92 14544
92 15099
92 15493
92 15959
92 15992
92 16251
92 16881
92 17380
92 18407
92 19395
92 19396
92 19538
92 19559
92 19568
92 20033
92 20357
92 20694
92 20811
92 20959
92 21016
92 21323
92 21453
92 21540
92 21930
92 22374
92 22680
92 22748
92 22853
92 24230
92 24279
92 24294
92 24316
92 24367
92 24543
92 24699
92 24840
92 24859
92 25088
92 25703
92 25831
92 25874
92 26528
92 26617
92 27191
92 27271
92 27528
92 27775
92 28129
92 28231
92 29453
92 29520
92 29599
92 29783
92 29883
92 29937
92 29968
92 30105
92 30747
92 30820
92 31036
92 31303
92 31554
92 31582
92 32060
92 32613
92 32994
92 33209
92 33456
92 33574
92 33902
92 33937
92 34078
92 34124
92 34569
92 34683
92 34733
92 34984
92 35225
92 35428
92 35567
92 35622
92 36101
92 36429
92 36527
92 36638
92 36677
92 36751
92 37727
92 37977
92 38141
92 38584
92 38623
92 38993
92 39344
92 39371
92 40171
92 40673
92 40803
92 40818
92 41105
92 41152
92 41212
92 41824
92 41883
92 42002
92 42086
92 42103
92 42342
92 42389
92 42429
92 42592
92 42913
92 43263
92 43536
92 43602
92 43819
92 44595
92 44806
92 44951
92 44964
92 45030
92 45098
92 45191
92 45481
92 45857
92 45925
92 45978
92 46209
92 46249
92 46627
92 46712
92 46989
92 47783
92 48190
92 48599
92 48872
92 49185
92 49399
92 49934
92 50160
92 50422
92 50592
92 50612
92 51358
92 51459
92 52092
92 52312
92 52423
92 53203
92 53328
92 53376
92 54109
92 54134
92 54698
92 55035
92 55281
92 55303
92 55355
92 55808
92 55847
92 57253
92 57388
92 57613
92 57731
92 57833
92 59120
92 59154
92 59661
92 60584
92 61502
92 61524
92 61898
92 62317
92 62673
92 62834
92 62965
92 63005
92 63057
92 63152
92 63218
92 63856
92 63858
92 63992
92 64194
92 64202
92 64274
92 64318
92 64654
92 64829
92 65157
92 65182
92 65315
92 65718
92 66173
92 66531
92 67014
92 67018
92 67087
92 67371
92 67713
92 68046
92 68060
92 68862
92 69256
92 69312
92 69381
92 69389
92 69547
92 69690
92 69984
92 70382
92 70542
92 70604
92 70920
92 70933
92 70983
92 71480
92 71569
92 72139
92 72331
92 72563
92 72614
92 72792
92 73013
92 73112
92 73222
92 73276
92 73288
92 73357
92 73489
92 73716
92 73780
92 74113
92 74576
92 74582
92 74740
92 74888
92 74941
92 75134
92 75621
92 75631
92 76431
92 76719
92 76807
92 77119
92 77257
92 77369
92 77393
92 77401
92 77882
92 77928
92 77974
92 78073
92 78434
92 78906
92 79502
92 79785
92 79805
92 79910
92 80358
92 80374
92 80939
92 81205
92 81234
92 81293
92 81565
92 82193
92 82262
92 82622
92 83276
92 83446
92 83587
92 83725
92 84118
92 85362
92 85386
92 85864
92 86162
92 86224
92 86649
92 87447
92 87610
92 88085
92 88239
92 88663
92 88682
92 88694
92 88727
92 88803
92 89199
92 89231
92 89786
92 90131
92 90441
92 90499
92 90510
92 90670
92 90737
92 90844
92 90855
92 91101
92 91374
92 91908
92 92137
92 92157
92 92315
92 92865
92 93966
92 94030
92 94840
92 94893
92 95069
92 95150
92 95689
92 96316
92 96391
92 96751
92 97091
92 97099
92 97602
92 97738
92 97929
92 98015
92 98021
92 98066
92 98203
92 98811
92 98901
92 98963
92 99268
92 99527
92 99977
92 100181
92 100423
92 100465
92 101580
92 101681
92 101705
92 102100
92 102139
92 102207
92 102635
92 102742
92 103223
92 103631
92 103806
92 103822
92 103948
92 104066
92 104439
92 104453
92 104901
92 105102
92 105145
92 105213
92 105701
92 105974
92 105989
92 106560
92 107020
92 107070
92 107115
92 107479
92 107536
92 107907
92 108177
92 108662
92 108928
92 109104
92 109469
92 109722
92 110077
92 110099
92 110157
92 110292
92 110301
92 110380
92 110554
92 111501
92 112043
92 112315
92 112913
92 113006
92 113123
92 113162
92 113425
92 113503
92 113887
92 114263
92 114501
92 114523
92 114588
92 114836
92 115176
92 115280
92 115446
92 115620
92 116432
92 117094
92 117154
92 117245
92 117447
92 117454
92 117807
92 117872
92 118909
92 119234
92 119564
92 119865
92 120461
92 120531
92 121145
92 121250
92 121468
92 121584
92 121964
92 122097
92 122582
92 122774
92 123003
92 123084
92 123404
92 123445
92 123502
92 123732
92 124475
92 124804
92 125282
92 125510
92 125558
92 125559
92 125679
92 125897
92 126581
92 126868
92 127124
92 127403
92 127553
92 127698
92 127699
92 127809
92 128637
92 129399
92 129754
92 129758
92 130008
92 130124
92 130583
92 130615
92 130764
92 131019
92 131854
92 132403
92 133118
92 133644
92 133659
92 134284
92 134702
92 134709
92 135222
92 135224
92 135440
92 136109
92 136191
92 136465
92 136830
92 137179
92 137217
92 137624
92 137869
92 137938
92 139413
92 139551
92 139592
92 139696
92 140410
92 140741
92 141522
92 142401
92 143027
92 143066
92 143707
92 143722
92 143917
92 144478
92 144586
92 144639
92 144888
92 144995
92 145752
92 145804
92 146121
92 146340
92 146770
92 147232
92 147251
92 147357
92 147430
92 147611
92 147861
92 147995
92 148118
92 148147
92 148413
92 148714
92 149350
92 149593
92 149683
92 149708
92 149743
92 149811
92 150428
92 150581
92 151611
92 152683
92 153537
92 153617
92 153716
92 153809
92 154056
92 154231
92 154277
92 154340
92 155027
92 155223
92 155616
92 155678
92 155756
92 156083
92 156089
92 156168
92 156315
92 156689
92 156692
92 156720
92 156888
92 156959
92 157026
92 157144
92 157551
92 157592
92 157760
92 157903
92 158207
92 158239
92 159266
92 159771
92 159951
92 159979
92 159994
92 160061
92 160158
92 160226
92 161190
92 161500
92 161715
92 161996
92 162093
92 162287
92 162585
92 162621
92 162663
92 162687
92 162933
92 163292
92 163365
92 163579
92 163970
92 164284
92 164396
92 164899
92 165813
92 165973
92 166159
92 166173
92 166186
92 166287
92 166310
92 166452
92 166978
92 167318
92 167436
92 167544
92 167649
92 167666
92 167909
92 168126
92 168436
92 168486
92 168581
92 168902
92 169057
92 169146
92 169264
92 169435
92 169533
92 170093
92 170130
92 170133
92 170577
92 171331
92 172152
92 172306
92 172462
92 172491
92 172509
92 172546
92 172639
92 172648
92 172664
92 172986
92 173066
92 173519
92 173739
92 173827
92 174279
92 174423
92 174446
92 174474
92 174567
92 175090
92 175460
92 175599
92 175666
92 175753
92 175958
92 176374
92 176439
92 176577
92 177812
92 177964
92 178037
92 178040
92 178263
92 178359
92 178385
92 178574
92 178595
92 179094
92 179124
92 179155
92 179282
92 179293
92 179405
92 179812
92 179884
92 179957
92 180127
92 181191
92 181299
92 181486
92 181777
92 181877
92 182092
92 182191
92 182753
92 183144
92 183313
92 183376
92 183619
92 184138
92 184185
92 184322
92 184333
92 184783
92 185160
92 185174
92 185544
92 185819
92 186087
92 186556
92 186557
92 186863
92 186953
92 187276
92 187927
92 188055
92 188558
92 188564
92 188670
92 188735
92 189243
92 189435
92 189782
92 190324
92 190364
92 190400
92 190818
92 191301
92 191625
92 191823
92 191910
92 191984
92 192360
92 192421
92 192451
92 192657
92 192729
92 193264
92 193345
92 193366
92 193442
92 193480
92 194001
92 194042
92 194659
92 195042
92 195138
92 195147
92 195232
92 195493
92 195537
92 195876
93 68
93 463
93 659
93 881
93 996
93 1057
93 1131
93 2975
93 4502
93 5055
93 5188
93 5475
93 6019
93 6036
93 6056
93 6619
93 6753
93 7040
93 7473
93 7837
93 7880
93 7892
93 8203
93 8347
93 8415
93 8767
93 9155
93 9978
93 10012
93 10084
93 10211
93 10293
93 10830
93 11264
93 11502
93 11641
93 11906
93 12073
93 12161
93 12649
93 12858
93 13164
93 13246
93 13400
93 13487
93 13900
93 13916
93 14294
93 14616
93 14907
93 14934
93 15305
93 15356
93 15398
93 15795
93 15927
93 16065
93 16191
93 16699
93 16918
93 17038
93 17280
93 17491
93 17729
93 17947
93 18390
93 18541
93 18869
93 19029
93 19476
93 19961
93 20467
93 21380
93 21614
93 21818
93 21945
93 22249
93 22686
93 23425
93 23434
93 23681
93 23783
93 24442
93 24485
93 24772
93 25374
93 25440
93 25482
93 26068
93 26924
93 27112
93 27260
93 27438
93 27920
93 28019
93 28192
93 28747
93 28838
93 29150
93 29332
93 29449
93 29608
93 30837
93 31502
93 31525
93 31690
93 31744
93 32089
93 32259
93 32680
93 33479
93 33682
93 33712
93 34440
93 34649
93 34925
93 35009
93 35138
93 35169
93 35489
93 35683
93 35921
93 36477
93 36490
93 36700
93 36782
93 36853
93 37590
93 38174
93 38804
93 38997
93 39043
93 39417
93 39589
93 39660
93 39896
93 40629
93 40918
93 40996
93 41378
93 41631
93 41933
93 41938
93 42368
93 42490
93 43569
93 43696
93 43714
93 43871
93 44015
93 44106
93 44613
93 44713
93 44924
93 44955
93 45102
93 45325
93 45732
93 45869
93 45978
93 46441
93 46664
93 46716
93 46898
93 47824
93 48154
93 48443
93 48532
93 48863
93 48892
93 48963
93 49643
93 49758
93 49855
93 50049
93 50404
93 50470
93 50517
93 50532
93 51536
93 51902
93 52256
93 52712
93 53817
93 54233
93 54407
93 54722
93 54885
93 55041
93 55078
93 55212
93 55615
93 55814
93 56072
93 56543
93 56575
93 56986
93 57520
93 58093
93 58278
93 58310
93 58581
93 58584
93 58735
93 58781
93 59329
93 59447
93 59478
93 60611
93 60876
93 60999
93 61002
93 61154
93 61207
93 61522
93 61614
93 61720
93 61955
93 62556
93 62770
93 63141
93 63632
93 63726
93 64130
93 64277
93 64890
93 65060
93 65162
93 65340
93 65391
93 65435
93 65840
93 65904
93 65910
93 66065
93 66271
93 66361
93 66562
93 66606
93 66806
93 67106
93 67169
93 67209
93 67283
93 67935
93 68446
93 68474
93 68627
93 68973
93 69071
93 69483
93 69595
93 70103
93 70368
93 70382
93 70619
93 70791
93 71731
93 72030
93 72070
93 72096
93 73067
93 73173
93 74347
93 74484
93 74725
93 75077
93 75226
93 75372
93 75744
93 76311
93 76788
93 76908
93 77119
93 77138
93 77228
93 77335
93 77873
93 77900
93 77990
93 78082
93 78517
93 78768
93 78897
93 79204
93 79286
93 80632
93 80870
93 80997
93 81159
93 81299
93 81420
93 81633
93 81803
93 81880
93 82078
93 82214
93 82267
93 82897
93 83260
93 83720
93 83954
93 83991
93 84572
93 84839
93 85079
93 85188
93 85346
93 85716
93 85961
93 86145
93 86223
93 86446
93 86641
93 86651
93 86931
93 86993
93 87173
93 87390
93 87673
93 87960
93 88153
93 88221
93 88267
93 88294
93 88436
93 88638
93 88953
93 89089
93 89869
93 90118
93 91097
93 91558
93 91676
93 91871
93 92441
93 92700
93 92998
93 93413
93 93418
93 93644
93 93719
93 93720
93 94123
93 94416
93 94521
93 94757
93 94776
93 94898
93 94941
93 95090
93 95437
93 95522
93 96190
93 96958
93 96959
93 97313
93 97607
93 98074
93 98090
93 98382
93 98456
93 98706
93 98988
93 99172
93 99310
93 99877
93 100348
93 101403
93 101407
93 101458
93 102862
93 103051
93 103280
93 103429
93 103433
93 103457
93 103665
93 104058
93 104133
93 104609
93 104896
93 105261
93 105498
93 106250
93 106471
93 106491
93 106866
93 107121
93 107375
93 107738
93 108098
93 108537
93 108566
93 108952
93 109086
93 109108
93 109529
93 109996
93 110628
93 110700
93 110846
93 110948
93 111108
93 111533
93 111809
93 112075
93 112139
93 112160
93 112614
93 112640
93 113019
93 113339
93 113765
93 113820
93 113920
93 113974
93 114091
93 114534
93 114925
93 115058
93 115175
93 115224
93 115458
93 115570
93 116042
93 117162
93 117222
93 117453
93 117489
93 117566
93 118280
93 118548
93 118843
93 119031
93 119116
93 119748
93 120077
93 120608
93 120638
93 120756
93 120971
93 121061
93 121125
93 122472
93 122977
93 123390
93 123544
93 123767
93 124103
93 124317
93 124925
93 125021
93 126113
93 126189
93 126294
93 127330
93 127451
93 127762
93 127800
93 127868
93 128433
93 128471
93 128520
93 128622
93 128674
93 128730
93 128875
93 129145
93 129353
93 129543
93 129702
93 130126
93 130361
93 130516
93 130590
93 131040
93 131254
93 131622
93 131654
93 131696
93 132302
93 132568
93 132632
93 133197
93 134035
93 134330
93 134344
93 135191
93 135432
93 135750
93 135820
93 135990
93 136043
93 136632
93 136689
93 136927
93 136932
93 137424
93 137988
93 138092
93 138108
93 138266
93 138378
93 138567
93 139068
93 139334
93 139513
93 139700
93 139757
93 139983
93 140012
93 140043
93 140387
93 140696
93 140777
93 140879
93 141646
93 141677
93 141739
93 141811
93 142193
93 143652
93 144071
93 144434
93 144663
93 144870
93 145296
93 145499
93 145559
93 145582
93 145610
93 146293
93 146479
93 146620
93 146641
93 147296
93 147452
93 147603
93 147756
93 147770
93 148023
93 148515
93 149286
93 150121
93 150128
93 150313
93 150996
93 151047
93 151531
93 151663
93 151867
93 152043
93 152076
93 152533
93 153157
93 153507
93 153601
93 153719
93 154064
93 154215
93 154476
93 154552
93 155680
93 156150
93 156227
93 156366
93 156476
93 156540
93 156703
93 156943
93 157517
93 157543
93 157615
93 157705
93 157771
93 157898
93 157981
93 158208
93 158348
93 158451
93 158730
93 158852
93 159665
93 159680
93 159951
93 160053
93 160571
93 160745
93 160765
93 160921
93 161325
93 162238
93 162288
93 162334
93 162548
93 162599
93 163632
93 163785
93 163910
93 164023
93 164049
93 164154
93 164575
93 164738
93 164942
93 165067
93 165076
93 165757
93 166243
93 166522
93 167193
93 167436
93 167702
93 167997
93 168025
93 168137
93 168332
93 168484
93 168749
93 168876
93 168885
93 169874
93 169921
93 169933
93 170024
93 171063
93 171096
93 171258
93 171426
93 171823
93 171876
93 172032
93 172180
93 172270
93 172593
93 172648
93 172811
93 173076
93 173519
93 173939
93 174150
93 174198
93 174375
93 174624
93 175068
93 175070
93 175688
93 176035
93 176160
93 176172
93 176218
93 176400
93 176860
93 177159
93 177545
93 178023
93 178154
93 178452
93 178657
93 178785
93 179140
93 179251
93 179258
93 179654
93 179986
93 180100
93 180720
93 180751
93 180976
93 181016
93 182299
93 182380
93 182880
93 182955
93 183124
93 183501
93 183645
93 183685
93 183787
93 184190
93 185129
93 185616
93 185843
93 186094
93 186210
94 51
94 419
94 445
94 527
94 576
94 667
94 1106
94 1211
94 1721
94 1836
94 2063
94 2067
94 2288
94 2460
94 2549
94 2906
94 3473
94 3918
94 5275
94 5762
94 6064
94 6233
94 7474
94 7479
94 7724
94 7829
94 7942
94 8979
94 9239
94 9300
94 9563
94 9762
94 10183
94 10577
94 10639
94 10718
94 10759
94 11105
94 11321
94 11324
94 11469
94 11535
94 11925
94 12089
94 12507
94 12540
94 12557
94 12562
94 12788
94 13114
94 13257
94 13427
94 14118
94 14603
94 14713
94 15188
94 15508
94 16083
94 16506
94 16750
94 17339
94 17393
94 17941
94 18150
94 18303
94 18494
94 18592
94 18958
94 19067
94 19232
94 19376
94 19382
94 19510
94 19617
94 19636
94 19678
94 19705
94 19778
94 20229
94 20606
94 20609
94 20630
94 20771
94 20893
94 20974
94 22121
94 22503
94 22554
94 23531
94 23798
94 24048
94 24078
94 24192
94 24398
94 24936
94 25327
94 25942
94 27558
94 27826
94 27873
94 27993
94 27998
94 28225
94 28260
94 28804
94 29063
94 29498
94 29617
94 30006
94 30270
94 30677
94 30956
94 31119
94 31777
94 31814
94 32796
94 32847
94 33450
94 33772
94 33890
94 34404
94 34526
94 34588
94 34844
94 35127
94 35204
94 35916
94 35966
94 36419
94 36628
94 36760
94 37490
94 37999
94 38368
94 38395
94 38868
94 39608
94 39835
94 40269
94 40355
94 40476
94 40518
94 40587
94 40777
94 40855
94 40884
94 41039
94 41174
94 41238
94 41617
94 41620
94 41788
94 42074
94 42665
94 42799
94 43310
94 43415
94 43633
94 43762
94 44614
94 44911
94 45094
94 45497
94 45891
94 46018
94 46311
94 46844
94 47158
94 47427
94 47502
94 47858
94 48071
94 48194
94 49134
94 49454
94 50395
94 50694
94 50979
94 51128
94 51332
94 51530
94 51777
94 51901
94 51945
94 52971
94 53014
94 53458
94 54130
94 54173
94 54344
94 54628
94 54647
94 54716
94 55279
94 55356
94 55508
94 55612
94 56101
94 56154
94 56491
94 56728
94 56977
94 57146
94 57681
94 57790
94 57935
94 58733
94 59273
94 59401
94 59409
94 59504
94 59524
94 59831
94 59876
94 60185
94 60771
94 60976
94 61324
94 61510
94 61687
94 62287
94 62908
94 62980
94 63153
94 63383
94 63681
94 63697
94 64149
94 64166
94 64645
94 64813
94 64848
94 64942
94 65435
94 65836
94 65945
94 65983
94 65984
94 66356
94 66819
94 66863
94 67057
94 67114
94 67891
94 68375
94 69221
94 69347
94 69558
94 69628
94 69695
94 69889
94 70024
94 70060
94 70182
94 70243
94 71091
94 71095
94 71194
94 71259
94 71649
94 71916
94 72048
94 72436
94 72582
94 72814
94 73109
94 73353
94 73395
94 73425
94 73689
94 73715
94 73762
94 73782
94 74033
94 74437
94 76096
94 76141
94 76623
94 76639
94 77843
94 77876
94 77914
94 78031
94 78453
94 78847
94 79010
94 79020
94 79042
94 79073
94 79079
94 79389
94 79459
94 79464
94 79722
94 80134
94 80333
94 80449
94 80744
94 81007
94 81173
94 81174
94 81229
94 81475
94 81804
94 82529
94 82555
94 83428
94 83721
94 84009
94 84294
94 84620
94 84704
94 85412
94 85677
94 85685
94 86178
94 86482
94 86783
94 87012
94 87102
94 87284
94 87429
94 87799
94 87895
94 88008
94 88564
94 88653
94 88861
94 89192
94 89676
94 89875
94 89947
94 90315
94 90415
94 90530
94 91175
94 91916
94 91948
94 92008
94 92161
94 92513
94 93092
94 93167
94 93219
94 93300
94 93395
94 93485
94 94078
94 94101
94 94314
94 94614
94 94808
94 94830
94 94900
94 95099
94 95680
94 96000
94 96180
94 96629
94 96902
94 96971
94 97048
94 97091
94 97172
94 97345
94 97830
94 98046
94 98180
94 98508
94 98757
94 98777
94 99332
94 99924
94 100015
94 100513
94 100625
94 100650
94 100782
94 101210
94 101817
94 101911
94 102169
94 102452
94 102746
94 102985
94 103190
94 103313
94 103617
94 103681
94 103753
94 104253
94 105014
94 105259
94 105825
94 106818
94 107229
94 107372
94 107400
94 107428
94 108001
94 108454
94 109296
94 109423
94 109827
94 109860
94 110285
94 111111
94 111432
94 111437
94 111490
94 112566
94 112885
94 113092
94 113212
94 114059
94 114163
94 114435
94 115121
94 115380
94 115607
94 116244
94 116502
94 116538
94 116683
94 116824
94 117516
94 118309
94 118765
94 119017
94 119199
94 119232
94 119533
94 120572
94 120625
94 120926
94 121182
94 121342
94 121713
94 121715
94 121908
94 123258
94 123552
94 123956
94 124060
94 124082
94 124426
94 124920
94 124976
94 125047
94 125061
94 125062
94 125198
94 125260
94 125619
94 125636
94 125705
94 126295
94 126734
94 126753
94 126791
94 127020
94 127683
94 127999
94 128734
94 128951
94 129548
94 129986
94 130000
94 130008
94 130216
94 130571
94 130610
94 130676
94 131457
94 131473
94 131630
94 131658
94 132399
94 132554
94 132900
94 132984
94 133531
94 133738
94 133886
94 134327
94 134842
94 135203
94 135904
94 136955
94 137222
94 137303
94 137371
94 137498
94 137754
94 137952
94 138126
94 138214
94 139087
94 139428
94 139916
94 139990
94 140142
94 140637
94 141197
94 141568
94 141756
94 142971
94 142996
94 143091
94 143995
94 144481
94 145739
94 145879
94 145987
94 146116
94 146210
94 146646
94 147314
94 148122
94 148344
94 148898
94 148908
94 148918
94 149097
94 149316
94 150349
94 150630
94 150823
94 151245
94 151419
94 151554
94 151641
94 151818
94 152056
94 152226
94 152678
94 152752
94 153043
94 153091
94 153222
94 153658
94 153755
94 154038
94 154171
94 154551
94 154592
94 154725
94 154738
94 154852
94 155027
94 155031
94 155035
94 155161
94 155259
94 155709
94 155725
94 155965
94 156114
94 156314
94 156408
94 156422
94 156433
94 156859
94 157174
94 157190
94 157680
94 157989
94 158195
94 158745
94 158991
94 159338
94 159511
94 159591
94 160173
94 160620
94 160636
94 161041
94 161201
94 161487
94 161998
94 162183
94 162674
94 162675
94 162932
94 163136
94 163581
94 163954
94 164587
94 164811
94 164846
94 164965
94 165469
94 165470
94 165938
94 165942
94 166346
94 166383
94 166455
94 166674
94 166680
94 166857
94 166909
94 166917
94 167132
94 167246
94 167586
94 167794
94 168203
94 168496
94 169244
94 169588
94 169952
94 170081
94 170257
94 170883
94 170904
94 172062
94 172208
94 172246
94 172250
94 172787
94 172804
94 173187
94 173455
94 173669
94 173691
94 173822
94 173894
94 174304
94 174544
94 174581
94 174950
94 175151
94 175299
94 175306
94 175505
94 175652
94 176064
94 176489
94 176538
94 176626
94 177349
94 177880
94 177965
94 178309
94 178445
94 178658
94 178692
94 178867
94 178887
94 179417
94 179448
94 179934
94 180109
94 180122
94 180524
94 180606
94 180690
94 181289
94 181602
94 181747
94 182091
94 182240
94 182390
94 182449
94 182544
94 182632
94 182999
94 183572
94 183629
94 183635
94 183773
94 183820
94 183972
94 184255
94 184595
94 184864
94 185975
94 186128
94 186476
94 186586
94 187108
94 188576
94 188880
94 189080
94 189230
94 189266
94 189342
94 189501
94 189614
94 189799
94 189976
94 190039
94 190187
94 190255
94 190416
94 190513
94 190772
94 190907
94 190909
94 190940
94 190956
94 191478
94 191514
94 191685
94 191705
94 191852
94 192211
94 192223
94 193275
94 193411
94 193664
94 193792
94 193796
94 194050
94 194127
94 194213
94 194820
94 195043
94 195281
94 195308
94 195445
94 195529
94 195994
94 196114
94 197123
94 197525
94 197913
94 198034
94 198198
94 198252
94 198259
94 198504
94 198519
94 198534
94 199407
94 199578
94 199999
94 200224
94 200339
94 200761
94 201007
94 201036
94 201098
94 201655
94 201781
94 201860
94 202386
94 202683
94 202692
94 203296
94 203627
94 203754
94 203881
94 203903
94 204077
94 204297
94 204533
94 204602
94 204895
94 205902
94 206096
94 206212
94 206269
94 206296
94 206643
94 206912
94 206936
94 207078
94 207133
94 207576
94 207904
94 208464
94 208534
94 208845
94 209111
94 209178
94 209611
94 209805
94 209848
94 210242
94 210390
94 211130
94 211203
94 211518
94 211636
94 211637
94 212048
94 213292
95 509
95 784
95 1189
95 1224
95 1688
95 1917
95 2011
95 2079
95 2646
95 2675
95 3327
95 3773
95 3913
95 4230
95 4328
95 4436
95 4526
95 4697
95 5128
95 5210
95 5650
95 5737
95 6311
95 6502
95 6665
95 6878
95 6943
95 7173
95 7330
95 7552
95 8128
95 8344
95 8403
95 8416
95 8876
95 8939
95 9258
95 9391
95 9432
95 10017
95 10331
95 11073
95 11142
95 11199
95 11480
95 11749
95 11773
95 11790
95 11959
95 11991
95 12006
95 12134
95 12176
95 12638
95 12864
95 12925
95 13253
95 13387
95 13421
95 13430
95 13632
95 13789
95 13799
95 14146
95 14585
95 15123
95 15389
95 15465
95 15486
95 15508
95 15545
95 15640
95 15943
95 15999
95 16398
95 16660
95 17252
95 17326
95 17380
95 17498
95 17816
95 17825
95 17916
95 18233
95 18283
95 18627
95 18758
95 19007
95 19204
95 19521
95 19716
95 20235
95 20446
95 21207
95 21600
95 22357
95 22548
95 22568
95 22598
95 22619
95 23154
95 23156
95 23243
95 23356
95 23649
95 23707
95 23767
95 24338
95 24822
95 25242
95 25447
95 25454
95 25641
95 26173
95 26343
95 26485
95 26654
95 26784
95 27507
95 27730
95 27820
95 28143
95 28801
95 28904
95 29029
95 29052
95 29641
95 30129
95 30180
95 30454
95 30836
95 30939
95 31498
95 31787
95 32114
95 32756
95 32886
95 32898
95 32961
95 33285
95 33402
95 33677
95 33720
95 33750
95 33904
95 34033
95 34105
95 34737
95 34923
95 35171
95 35298
95 35353
95 35674
95 35901
95 35998
95 36449
95 36553
95 36555
95 36578
95 36644
95 36695
95 36780
95 37146
95 37654
95 37744
95 37813
95 37852
95 37990
95 38642
95 39165
95 39692
95 40018
95 40069
95 40442
95 41276
95 41388
95 41416
95 41535
95 41753
95 42962
95 43457
95 43478
95 43903
95 44348
95 44615
95 44624
95 44625
95 45080
95 45555
95 45699
95 45979
95 46009
95 46025
95 46203
95 46958
95 47184
95 47618
95 47800
95 47974
95 48015
95 48139
95 48519
95 49568
95 49597
95 49958
95 50009
95 50191
95 50325
95 50471
95 50546
95 50673
95 51214
95 51742
95 51926
95 52013
95 52218
95 52374
95 54041
95 54127
95 54259
95 54813
95 54998
95 55193
95 55880
95 56733
95 56818
95 56879
95 57493
95 57634
95 57728
95 57934
95 58249
95 58268
95 58271
95 58365
95 58663
95 58721
95 58853
95 59428
95 59463
95 59783
95 60101
95 60344
95 60837
95 61098
95 61514
95 62245
95 62412
95 62619
95 62626
95 63891
95 64058
95 64137
95 64309
95 64435
95 64588
95 65775
95 65779
95 65977
95 66499
95 66734
95 66826
95 67150
95 67624
95 67700
95 68098
95 68431
95 68488
95 68866
95 68876
95 69193
95 69641
95 70248
95 70834
95 70853
95 70895
95 71098
95 71138
95 71412
95 71551
95 71645
95 72308
95 72523
95 72861
95 73495
95 73861
95 73954
95 74007
95 74604
95 75099
95 75580
95 75588
95 75589
95 76133
95 76451
95 76858
95 77010
95 77062
95 77323
95 77352
95 77807
95 77935
95 77959
95 78101
95 78184
95 78533
95 78716
95 78925
95 79693
95 79792
95 79892
95 80117
95 80917
95 81458
95 82233
95 82379
95 83011
95 83117
95 83341
95 84552
95 84990
95 85634
95 85640
95 85902
95 86208
95 86982
95 87188
95 88133
95 88408
95 88806
95 88859
95 88894
95 89012
95 89267
95 89429
95 90003
95 90286
95 90678
95 90946
95 91110
95 91115
95 91331
95 91384
95 91449
95 91687
95 91981
95 92332
95 92339
95 93144
95 93145
95 93585
95 93606
95 93696
95 93705
95 93871
95 94340
95 94414
95 94603
95 95238
95 95703
95 97085
95 97231
95 97391
95 97468
95 97831
95 97877
95 97963
95 98540
95 99290
95 99830
95 100544
95 101075
95 102195
95 102372
95 102862
95 102989
95 103060
95 103315
95 103637
95 103686
95 103762
95 104214
95 104643
95 105431
95 105751
95 105903
95 106195
95 106300
95 106420
95 106580
95 106636
95 106694
95 106718
95 107088
95 107528
95 107719
95 107790
95 107875
95 107922
95 108028
95 108108
95 108352
95 108392
95 108865
95 109043
95 109048
95 109422
95 109903
95 109988
95 110291
95 110350
95 110601
95 110736
95 111215
95 111333
95 111548
95 111637
95 111680
95 112175
95 112386
95 112596
95 112835
95 113272
95 113288
95 113374
95 113594
95 113924
95 113971
95 114442
95 114483
95 115234
95 115470
95 115501
95 115727
95 115775
95 115809
95 115968
95 116086
95 116140
95 116175
95 116192
95 116467
95 117132
95 117134
95 117472
95 117856
95 117872
95 118277
95 118846
95 119108
95 119291
95 119706
95 119745
95 120271
95 121253
95 121807
95 122032
95 122055
95 122338
95 122634
95 122863
95 122884
95 122908
95 123196
95 123236
95 123285
95 123416
95 123445
95 123595
95 123681
95 123763
95 123873
95 124430
95 125414
95 125695
95 126290
95 126524
95 126525
95 126625
95 126933
95 127591
95 127714
95 127860
95 127977
95 128326
95 128917
95 129036
95 129275
95 129717
95 130176
95 130392
95 130618
95 130701
95 130969
95 130984
95 131083
95 131109
95 131123
95 131233
95 131403
95 131550
95 131562
95 131749
95 132866
95 133346
95 133520
95 133780
95 133846
95 133884
95 134227
95 134696
95 134799
95 134885
95 135249
95 135443
95 135532
95 135857
95 135993
95 136153
95 136193
95 136209
95 136414
95 136473
95 136497
95 137187
95 137356
95 137765
95 138439
95 138808
95 138824
95 139162
95 139198
95 139667
95 140060
95 140436
95 141015
95 141067
95 141340
95 141965
95 142081
95 142179
95 142933
95 142937
95 143098
95 143179
95 143774
95 143946
95 144164
95 144302
95 144304
95 144502
95 144968
95 145105
95 145622
95 146214
95 146333
95 146773
95 146964
95 146981
95 147125
95 147628
95 147683
95 147888
95 147903
95 148154
95 148631
95 149085
95 149256
95 149260
95 149384
95 149402
95 149851
95 149863
95 149973
95 149984
95 150109
95 150334
95 150816
95 151235
95 151317
95 151325
95 151452
95 152602
95 152793
95 153016
95 153240
95 153613
95 153825
95 153887
95 154416
95 154497
95 154627
95 154998
95 155529
95 155663
95 155749
95 156265
95 156276
95 157049
95 157054
95 157215
95 157397
95 157451
95 157503
95 157683
95 157838
95 157942
95 158023
95 158169
95 158185
95 158380
95 158504
95 159333
95 159422
95 159466
95 159666
95 160047
95 160410
95 161312
95 161348
95 161564
95 161711
95 161853
95 162077
95 162424
95 162485
95 162638
95 163105
95 163178
95 163893
95 164191
95 164562
95 164640
95 164793
95 165093
95 165504
95 165795
95 165916
95 165999
95 166048
95 166279
95 166376
95 166502
95 166657
95 167265
95 167535
95 167660
95 167662
95 167718
95 167917
95 168071
95 168203
95 168211
95 169649
95 169858
95 169874
95 169984
96 386
96 680
96 815
96 1742
96 10609
96 11182
96 11591
96 11832
96 12269
96 12565
96 13577
96 13720
96 13973
96 13979
96 14722
96 15423
96 15656
96 15748
96 16711
96 16970
96 18538
96 19674
96 19793
96 19860
96 19953
96 19973
96 20132
96 20279
96 20540
96 20659
96 20805
96 20851
96 21491
96 21698
96 21729
96 22783
96 22920
96 22954
96 23481
96 23491
96 23900
96 24005
96 24083
96 24246
96 24576
96 24890
96 25314
96 25532
96 25602
96 25717
96 25939
96 26662
96 26906
96 27210
96 27827
96 27942
96 28405
96 28432
96 28568
96 28695
96 29281
96 29467
96 29636
96 29732
96 29817
96 29899
96 29934
96 30128
96 30161
96 30330
96 30645
96 30868
96 31225
96 31531
96 31811
96 32060
96 33623
96 33850
96 33932
96 34972
96 35436
96 35503
96 35702
96 36327
96 36375
96 37041
96 37147
96 37232
96 37672
96 37874
96 38022
96 38149
96 38346
96 38391
96 38604
96 39756
96 40340
96 40453
96 40555
96 40952
96 41110
96 41112
96 41869
96 41889
96 42092
96 42156
96 42476
96 42809
96 42974
96 43158
96 43780
96 44076
96 44147
96 44333
96 44352
96 44533
96 44534
96 44746
96 44751
96 44760
96 44838
96 44859
96 45106
96 45117
96 45322
96 45587
96 45751
96 46036
96 46040
96 46094
96 46384
96 46558
96 46585
96 46589
96 46953
96 47656
96 47815
96 47859
96 48012
96 48109
96 48199
96 48413
96 48619
96 48626
96 48786
96 48871
96 49068
96 49154
96 49463
96 49469
96 49475
96 49483
96 49785
96 50226
96 50399
96 50486
96 50894
96 50948
96 50961
96 51150
96 51191
96 51314
96 51461
96 52351
96 52463
96 52497
96 52858
96 52985
96 53518
96 53560
96 53989
96 54078
96 54177
96 54193
96 54401
96 54774
96 54790
96 54796
96 54995
96 55535
96 55771
96 56312
96 57262
96 57645
96 57753
96 57901
96 58269
96 58313
96 58864
96 58909
96 58942
96 59153
96 59158
96 59243
96 59312
96 59410
96 59475
96 59582
96 60169
96 60189
96 60195
96 60241
96 60396
96 60552
96 61030
96 61492
96 61698
96 61754
96 61862
96 62224
96 62279
96 62598
96 62729
96 63068
96 63282
96 63373
96 63471
96 63579
96 63890
96 64208
96 64216
96 64570
96 64967
96 65504
96 65544
96 65958
96 67261
96 67501
96 67956
96 68057
96 68108
96 68730
96 69041
96 69191
96 69201
96 69511
96 69603
96 69980
96 70061
96 70174
96 70968
96 71040
96 71342
96 71870
96 72512
96 73151
96 73787
96 74158
96 74429
96 74728
96 74939
96 74948
96 75106
96 75133
96 75785
96 75951
96 76146
96 76151
96 76357
96 76431
96 76853
96 76925
96 77599
96 77795
96 77867
96 77927
96 77945
96 79829
96 80491
96 80782
96 80999
96 81116
96 81140
96 81173
96 81653
96 81723
96 81828
96 81868
96 81949
96 82125
96 82648
96 82896
96 83110
96 83285
96 83386
96 84275
96 84328
96 84573
96 84858
96 84919
96 85014
96 85025
96 85168
96 85676
96 86004
96 86196
96 86283
96 86479
96 86643
96 86778
96 86895
96 87033
96 87568
96 87811
96 88306
96 88540
96 88704
96 88930
96 89003
96 89770
96 90087
96 90245
96 90458
96 90824
96 91015
96 91096
96 91276
96 91417
96 91635
96 91826
96 92325
96 92397
96 92663
96 92693
96 92704
96 92968
96 93161
96 93361
96 93803
96 94030
96 94929
96 95041
96 95915
96 95936
96 96482
96 96497
96 96644
96 96810
96 96930
96 97488
96 97544
96 98428
96 98699
96 98910
96 99016
96 99665
96 100286
96 100400
96 100647
96 100922
96 101042
96 101122
96 101717
96 101731
96 101981
96 102108
96 102109
96 102600
96 102668
96 103145
96 103335
96 103776
96 104944
96 105002
96 105134
96 105165
96 105332
96 105772
96 105872
96 106153
96 106189
96 106350
96 106430
96 106467
96 106637
96 106680
96 107647
96 107648
96 107972
96 108140
96 108310
96 108420
96 108426
96 108752
96 108899
96 108988
96 109567
96 110115
96 110223
96 110244
96 110364
96 110434
96 110498
96 110588
96 110936
96 111295
96 112066
96 112393
96 113230
96 113457
96 113850
96 113899
96 114034
96 114403
96 114421
96 114820
96 114901
96 115001
96 115062
96 115350
96 115557
96 115822
96 115951
96 116155
96 116398
96 116452
96 116554
96 116562
96 116679
96 116708
96 116716
96 116782
96 116837
96 116971
96 117086
96 117310
96 117442
96 117711
96 117893
96 118436
96 118522
96 118840
96 119386
96 119591
96 119655
96 119873
96 120307
96 120400
96 120751
96 121306
96 121399
96 121637
96 121900
96 122169
96 122551
96 122703
96 123329
96 123483
96 123541
96 123852
96 123983
96 123989
96 124156
96 124477
96 124766
96 125656
96 126059
96 126207
96 126756
96 126910
96 127312
96 127490
96 128258
96 128402
96 128499
96 129041
96 129049
96 129132
96 129294
96 129816
96 129868
96 130396
96 131477
96 131699
96 131989
96 132047
96 132810
96 133078
96 133130
96 133414
96 133647
96 133760
96 133851
96 133938
96 134513
96 135045
96 135046
96 135070
96 135630
96 136087
96 136233
96 136254
96 136644
96 136838
96 136847
96 136921
96 137275
96 137359
96 137539
96 137630
96 137705
96 138440
96 139099
96 139466
96 141113
96 141228
96 141510
96 141606
96 141838
96 141986
96 142279
96 142553
96 143323
96 143398
96 143735
96 143933
96 144173
96 144334
96 144539
96 144604
96 144887
96 145033
96 145221
96 145661
96 145783
96 146031
96 146133
96 146220
96 146712
96 146935
96 147133
96 147457
96 147541
96 147609
96 147629
96 148184
96 148419
96 148978
96 149207
96 149266
96 149602
96 150271
96 150396
96 150565
96 150827
96 150972
96 151445
96 151532
96 151646
96 151838
96 151977
96 152172
96 152387
96 152737
96 153095
96 153325
96 153394
96 153820
96 154161
96 154544
96 154638
96 155047
96 155106
96 155252
96 155432
96 156021
96 156923
96 157066
96 157454
96 157601
96 158293
96 158673
96 158820
96 158886
96 159528
96 160011
96 160368
96 160938
96 161126
96 161339
96 161822
96 161859
96 162187
96 162570
96 162701
96 163040
96 163057
96 163219
96 163559
96 164639
96 165144
96 165255
96 165355
96 166306
96 166485
96 166639
96 166673
96 167065
96 167322
96 167554
96 167753
96 167847
96 168335
96 168760
96 168870
96 169349
96 169702
96 169911
96 169944
96 170115
96 170418
96 170807
96 170859
96 171978
96 172255
96 172412
96 172609
96 172731
96 172733
96 173068
96 173074
96 173122
96 173475
96 173758
96 173878
96 174175
96 174223
96 174441
96 174615
96 174780
96 175745
96 175955
96 176318
96 176727
96 176874
96 176888
96 177153
96 177196
96 177823
96 177879
96 177925
96 178026
96 178513
96 178659
96 178774
96 178823
96 179559
96 179681
96 180038
96 180654
96 181999
96 182060
96 182918
96 183092
96 183463
96 183580
96 183730
96 184005
96 184056
96 184235
96 184883
96 185506
96 186983
96 187474
96 187784
96 188289
96 188483
96 188494
96 188582
96 189404
96 189902
96 190614
97 212
97 676
97 1163
97 1351
97 1451
97 1598
97 1805
97 2311
97 2414
97 2564
97 2652
97 2694
97 2837
97 2890
97 2927
97 2991
97 3080
97 3168
97 3650
97 3774
97 3818
97 3827
97 4440
97 4496
97 5467
97 5594
97 6072
97 6700
97 6766
97 6785
97 7089
97 7130
97 7140
97 7262
97 7372
97 7439
97 7482
97 7596
97 7607
97 7622
97 7663
97 7680
97 8039
97 8234
97 8466
97 10655
97 10680
97 11094
97 11113
97 11164
97 11219
97 11256
97 12030
97 12501
97 12577
97 13118
97 13198
97 13506
97 13763
97 13853
97 14509
97 14535
97 14588
97 14683
97 14762
97 15056
97 15554
97 15675
97 15958
97 16079
97 16548
97 17009
97 17357
97 17548
97 17581
97 17928
97 18169
97 18257
97 18261
97 18285
97 18335
97 18346
97 18381
97 18873
97 19104
97 19404
97 19535
97 19568
97 19637
97 19675
97 19822
97 19841
97 19938
97 20041
97 20596
97 20793
97 20894
97 22040
97 22449
97 22542
97 22775
97 22928
97 23016
97 23219
97 23423
97 23560
97 23841
97 24593
97 24810
97 25186
97 25301
97 25364
97 26131
97 27950
97 28053
97 28098
97 28185
97 28524
97 28534
97 30183
97 30568
97 30829
97 30877
97 31197
97 32071
97 32156
97 32288
97 32386
97 32454
97 33163
97 33338
97 33421
97 33712
97 33826
97 34190
97 34462
97 34602
97 35177
97 35806
97 36487
97 36721
97 36861
97 36876
97 37142
97 37458
97 37479
97 37854
97 38326
97 38398
97 38883
97 39040
97 39138
97 39146
97 39347
97 39417
97 39460
97 40174
97 40706
97 40909
97 41287
97 41382
97 41525
97 41953
97 43129
97 43200
97 43340
97 43587
97 43707
97 43850
97 43902
97 44083
97 44166
97 44360
97 44870
97 45342
97 45361
97 45564
97 46072
97 46163
97 46250
97 46515
97 46621
97 47046
97 47468
97 47545
97 47866
97 48321
97 48869
97 49091
97 49313
97 49549
97 49745
97 50083
97 50097
97 50160
97 50338
97 50430
97 50477
97 50487
97 50552
97 50565
97 50769
97 51376
97 51450
97 51836
97 52501
97 52711
97 53175
97 53756
97 53791
97 53834
97 54734
97 54821
97 54964
97 55052
97 55808
97 56189
97 56579
97 57232
97 57489
97 57569
97 57985
97 58673
97 59620
97 60770
97 61679
97 61873
97 61943
97 61997
97 62261
97 62337
97 62381
97 62489
97 62785
97 62884
97 62932
97 63180
97 63665
97 64647
97 64660
97 64847
97 65051
97 65070
97 65163
97 65259
97 65451
97 65637
97 65787
97 66071
97 66260
97 66273
97 66389
97 66777
97 67197
97 67280
97 68609
97 68723
97 68791
97 68993
97 69294
97 69577
97 70546
97 70590
97 70715
97 70959
97 71783
97 71959
97 72399
97 73261
97 73555
97 73702
97 73919
97 74157
97 74716
97 75403
97 75782
97 75908
97 76533
97 76630
97 76709
97 77705
97 78115
97 78781
97 79022
97 79118
97 79679
97 80002
97 80096
97 80617
97 80750
97 81083
97 81539
97 81598
97 81615
97 81691
97 82020
97 82625
97 83051
97 83253
97 83264
97 83293
97 83824
97 83918
97 84034
97 84064
97 84274
97 84577
97 85140
97 85304
97 85837
97 86043
97 86438
97 86709
97 87310
97 87635
97 87735
97 87875
97 87907
97 88238
97 88306
97 89124
97 89696
97 90365
97 90690
97 91759
97 93061
97 93159
97 93267
97 94687
97 95152
97 96140
97 96174
97 96546
97 96718
97 96931
97 97138
97 98531
97 98972
97 99200
97 99401
97 99481
97 100344
97 100562
97 100722
97 101077
97 101134
97 101245
97 101358
97 101749
97 101814
97 101879
97 102267
97 102389
97 103071
97 103601
97 103687
97 104071
97 104177
97 104776
97 104805
97 105209
97 105315
97 105855
97 106206
97 106260
97 107026
97 108068
97 108876
97 108997
97 109118
97 109203
97 109233
97 109561
97 109651
97 110224
97 110795
97 110862
97 111161
97 111326
97 111422
97 113197
97 113214
97 113224
97 113445
98 575
98 1654
98 1683
98 1714
98 2375
98 2901
98 3091
98 3095
98 3665
98 3675
98 3946
98 4018
98 4348
98 5035
98 5222
98 5347
98 5915
98 6212
98 6764
98 6811
98 6966
98 7721
98 8103
98 8324
98 8456
98 9447
98 10076
98 10591
98 10903
98 11425
98 11466
98 11528
98 11909
98 12081
98 12082
98 12837
98 13069
98 13098
98 13306
98 13557
98 14477
98 14571
98 14775
98 14830
98 14857
98 14871
98 15407
98 16048
98 16062
98 16308
98 16862
98 17183
98 17213
98 17611
98 17994
98 18672
98 18773
98 18814
98 19042
98 19334
98 19646
98 19829
98 19902
98 19985
98 20995
98 21132
98 21948
98 22235
98 22932
98 23066
98 23190
98 23358
98 23457
98 25328
98 26016
98 26248
98 26257
98 26546
98 26600
98 26653
98 26793
98 27101
98 27301
98 27723
98 27763
98 28155
98 28557
98 28670
98 28733
98 29221
98 29344
98 30236
98 30239
98 30440
98 30658
98 30861
98 31358
98 31382
98 31701
98 31760
98 32236
98 32285
98 32762
98 32808
98 33143
98 33178
98 33255
98 33639
98 33692
98 33786
98 34215
98 34632
98 35431
98 35629
98 37360
98 37563
98 37651
98 38376
98 38567
98 38607
98 38823
98 38870
98 38949
98 39110
98 41764
98 41799
98 41986
98 42277
98 42379
98 42390
98 42506
98 42704
98 42744
98 43038
98 43057
98 43438
98 43454
98 43969
98 44191
98 44389
98 44767
98 44822
98 45156
98 45832
98 46218
98 46762
98 46984
98 47057
98 47091
98 47610
98 48702
98 49076
98 49329
98 50041
98 50201
98 50414
98 50972
98 51588
98 51710
98 52085
98 52418
98 53288
98 53445
98 53595
98 53726
98 53990
98 54271
98 54624
98 54859
98 54868
98 54947
98 54977
98 55012
98 55565
98 55624
98 55626
98 55827
98 55949
98 56108
98 56279
98 57634
98 57643
98 57659
98 57800
98 57961
98 57992
98 58099
98 58243
98 58500
98 58724
98 58817
98 58908
98 59174
98 59444
98 59546
98 60042
98 60258
98 60327
98 60399
98 60530
98 60603
98 61168
98 61585
98 61594
98 61699
98 62177
98 62630
98 63901
98 64205
98 64435
98 64811
98 64881
98 65014
98 65016
98 65036
98 65192
98 66133
98 66611
98 66969
98 67098
98 67430
98 67476
98 67960
98 67979
98 68069
98 68882
98 69659
98 69812
98 70128
98 70414
98 70416
98 70765
98 71089
98 71138
98 71248
98 71385
98 71858
98 71875
98 72007
98 73175
98 73183
98 73327
98 73797
98 73800
98 73882
98 73927
98 75015
98 75372
98 75898
98 76016
98 76357
98 76597
98 76839
98 77172
98 77982
98 78244
98 78443
98 79597
98 79886
98 80149
98 80352
98 80730
98 80799
98 80905
98 81224
98 81578
98 81587
98 81662
98 81956
98 81984
98 82258
98 82887
98 82950
98 83255
98 83435
98 83811
98 83867
98 84251
98 85100
98 85617
98 85621
98 85822
98 85858
98 86281
98 86544
98 86641
98 86701
98 86897
98 86977
98 87008
98 87243
98 87919
98 88043
98 88061
98 88678
98 89460
98 89684
98 89743
98 89813
98 90434
98 90544
98 91213
98 91711
98 91871
98 91998
98 92020
98 92091
98 92512
98 92707
98 93063
98 93095
98 93120
98 93479
98 93615
98 93919
98 94616
98 94869
98 94995
98 95456
98 95584
98 95753
98 95778
98 95786
98 96144
98 97243
98 97326
98 97558
98 97694
98 97857
98 98105
98 98800
98 99606
98 99908
98 100314
98 100338
98 100564
98 100820
98 100908
98 100951
98 101044
98 101114
98 102088
98 102169
98 102379
98 102516
98 102540
98 102879
98 102905
98 103503
98 103682
98 104006
98 104086
98 104318
98 104465
98 105194
98 105564
98 106004
98 106091
98 106912
98 107180
98 107283
98 107284
98 107628
98 108128
98 108471
98 108696
98 108838
98 108881
98 108920
98 108964
98 109159
98 109326
98 109454
98 109565
98 109625
98 109702
98 109704
98 109894
98 110092
98 110477
98 110565
98 111044
98 111662
98 111981
98 112372
98 112700
98 112834
98 112977
98 113158
98 113525
98 114068
98 114152
98 114411
98 114604
98 114746
98 114854
98 114967
98 115526
98 116033
98 116179
98 116424
98 116784
98 116937
98 117255
98 117667
98 117893
98 118052
98 118078
98 119288
98 119526
98 119800
98 120240
98 120592
98 120807
98 121120
98 121227
98 121891
98 121912
98 121972
98 121973
98 122128
98 122558
98 122808
98 123035
98 123070
98 123248
98 123403
98 123513
98 124544
98 124569
98 124606
98 125010
98 125345
98 125435
98 125554
98 125774
98 126220
98 126488
98 126592
98 126805
98 126846
98 127207
98 127301
98 127675
98 127984
98 128993
98 129020
98 129106
98 129289
98 129387
98 129984
98 130325
98 130420
98 130512
98 130712
98 130796
98 130908
98 131421
98 131569
98 131943
98 132060
98 132143
98 132169
98 132642
98 133148
98 133523
98 133792
98 133840
98 133955
98 134762
98 135108
98 135823
98 135929
98 136270
98 136708
98 136878
98 136926
98 137242
98 139033
98 139243
98 139362
98 139446
98 139927
98 140216
98 140251
98 140307
98 140605
98 140940
98 140976
98 141019
98 141337
98 141563
98 141979
98 141987
98 142012
98 142158
98 142189
98 142202
98 142252
98 142263
98 142493
98 142771
98 143447
98 143600
98 143710
98 143843
98 143871
98 144056
98 144122
98 144280
98 144790
98 145485
98 145738
98 146021
98 146048
98 146206
98 146232
98 146240
98 146367
98 146764
98 147117
98 147192
98 147310
98 147399
98 147443
98 147473
98 147941
98 148197
98 148833
98 149024
98 149292
98 149343
98 149648
98 149989
98 150478
98 150590
98 150693
98 151240
98 151732
98 151759
98 151801
98 151858
98 152114
98 152694
98 152755
98 152852
98 153134
98 153368
98 153577
98 154532
98 154778
98 154912
98 155299
98 156069
98 156403
98 156510
98 156534
98 156643
98 156664
98 156693
98 156790
98 157102
98 157165
98 157250
98 157897
98 158317
98 158437
98 158448
98 158576
98 158768
98 158993
98 159114
98 159257
98 159588
98 159802
98 161291
98 161548
98 161940
98 162005
98 162046
98 162544
98 162639
98 162871
98 162902
98 162946
98 163094
98 163627
98 163731
98 163855
98 164061
98 164132
98 164211
98 164576
98 164877
98 165036
98 165213
98 165410
98 165597
98 166030
98 166049
98 166126
98 166196
98 166312
98 166378
98 166674
98 166832
98 166900
98 166917
98 167108
98 167866
98 167899
98 168181
98 168300
98 168346
98 168650
98 168921
98 169025
98 169073
98 169229
98 169393
98 169514
98 169699
98 169786
98 169917
98 169978
98 170236
98 170284
98 170702
98 171134
98 171141
98 171150
98 171223
98 171483
98 171623
98 171762
98 171799
98 171819
98 171927
98 172223
98 172376
98 172567
98 172900
98 172903
98 173209
98 173431
98 173445
98 173470
98 173491
98 173689
98 173718
98 174168
98 174525
98 174970
98 175039
98 175255
98 176162
98 176392
98 176534
98 176763
98 176906
98 176917
98 177379
98 177674
98 177985
98 178162
98 179240
98 179247
98 179465
98 179683
98 180019
98 180703
98 180856
98 181016
98 181222
98 181924
98 181998
98 182081
98 182518
98 182957
98 183165
98 183170
98 183177
98 183417
98 183974
98 184026
98 184313
98 184481
98 184530
98 185908
98 186285
98 186294
98 186310
98 186389
98 187384
98 187404
98 187595
98 187612
98 187820
98 187961
98 188100
98 188150
98 188196
98 188360
98 188396
98 188423
98 188607
98 188660
98 188688
98 188803
98 188910
98 189408
98 189540
98 190340
98 190346
98 190442
98 190607
98 190682
98 190778
98 191095
98 191238
98 191380
98 191383
98 191392
98 191633
98 191814
98 191874
98 192212
98 192332
98 192765
