41 8
41 21
41 32
41 49
41 70
41 83
41 100
41 113
41 130
41 138
41 147
41 156
41 166
41 181
41 190
41 206
41 235
41 248
41 263
41 278
41 299
41 313
41 323
41 352
41 369
41 386
41 397
41 411
41 422
41 440
41 462
41 471
41 485
41 503
41 522
41 539
41 550
41 563
41 587
41 599
41 610
41 624
41 639
41 658
41 680
41 702
41 716
41 729
41 743
41 764
41 773
41 782
41 797
41 818
41 835
41 844
41 865
41 875
41 884
41 905
41 921
41 943
41 964
41 984
41 995
41 1009
41 1018
41 1033
41 1050
41 1057
41 1072
41 1088
41 1104
41 1119
41 1133
41 1153
41 1170
41 1180
41 1198
41 1217
41 1242
41 1257
41 1271
41 1285
41 1298
41 1307
41 1320
41 1344
41 1357
41 1369
41 1388
41 1412
41 1431
41 1447
41 1455
41 1467
41 1489
41 1511
41 1524
41 1537
41 1548
41 1555
41 1563
41 1575
41 1596
41 1631
41 1651
41 1675
41 1683
41 1693
41 1721
41 1758
41 1769
41 1779
41 1792
41 1819
41 1831
41 1850
41 1856
41 1873
41 1891
41 1909
41 1924
41 1945
41 1958
41 1973
41 1999
41 2014
41 2040
41 2051
41 2065
41 2086
41 2104
41 2117
41 2129
41 2134
41 2150
41 2163
41 2183
41 2212
41 2240
41 2253
41 2290
41 2313
41 2334
41 2344
41 2361
41 2380
41 2388
41 2404
41 2423
41 2439
41 2450
41 2467
41 2479
41 2501
41 2519
41 2536
41 2552
41 2564
41 2581
41 2590
41 2603
41 2610
41 2635
41 2649
41 2668
41 2682
41 2693
41 2704
41 2713
41 2732
41 2744
41 2764
41 2781
41 2791
41 2806
41 2823
41 2839
41 2855
41 2864
41 2879
41 2897
41 2908
41 2929
41 2944
41 2958
41 2972
41 2978
41 2986
41 2996
41 3009
41 3026
41 3041
41 3059
41 3082
41 3093
41 3100
41 3117
41 3136
41 3148
41 3165
41 3173
41 3183
41 3205
41 3223
41 3247
41 3259
41 3275
41 3299
41 3313
41 3323
41 3343
41 3356
41 3365
41 3392
41 3410
41 3421
41 3430
41 3443
41 3459
41 3468
41 3474
41 3496
41 3510
41 3529
41 3544
41 3560
41 3588
41 3606
41 3620
41 3640
41 3654
41 3668
41 3679
41 3692
41 3715
41 3747
41 3758
41 3772
41 3784
41 3799
41 3819
41 3831
41 3848
41 3860
41 3873
41 3886
41 3903
41 3929
41 3942
41 3959
41 3977
41 3981
41 3999
41 4007
41 4017
41 4034
41 4050
41 4067
41 4076
41 4092
41 4112
41 4130
41 4148
41 4155
41 4163
41 4173
41 4185
41 4202
41 4215
41 4226
41 4233
41 4243
41 4252
41 4263
41 4276
41 4290
41 4297
41 4313
41 4327
41 4341
41 4348
41 4368
41 4383
41 4395
41 4406
41 4414
41 4424
41 4429
41 4441
41 4449
41 4461
41 4475
41 4484
41 4496
41 4507
41 4515
41 4529
41 4539
41 4564
41 4580
41 4594
41 4604
41 4624
41 4637
41 4648
41 4667
41 4679
41 4693
41 4705
41 4724
41 4759
41 4775
41 4788
41 4792
41 4799
41 4809
41 4816
41 4828
41 4833
41 4845
41 4861
41 4880
41 4892
41 4915
41 4932
41 4948
41 4968
41 4983
41 5000
41 5020
41 5040
41 5053
41 5062
41 5073
41 5081
41 5106
41 5114
41 5128
41 5143
41 5162
41 5178
41 5188
41 5206
41 5215
41 5233
41 5243
41 5259
41 5280
41 5291
41 5307
41 5321
41 5345
41 5364
41 5386
41 5399
41 5411
41 5425
41 5438
41 5453
41 5468
41 5493
41 5516
41 5531
41 5548
41 5565
41 5583
41 5596
41 5606
41 5621
41 5631
41 5644
41 5676
41 5697
41 5720
41 5731
41 5746
41 5764
41 5783
41 5796
41 5804
41 5819
41 5830
41 5841
41 5863
41 5875
41 5891
41 5907
41 5922
41 5949
41 5966
41 5984
41 5994
41 6004
41 6023
41 6045
41 6052
41 6072
41 6084
41 6096
41 6113
41 6134
41 6148
41 6165
41 6173
41 6190
41 6203
41 6214
41 6233
41 6253
41 6270
41 6282
41 6291
41 6304
41 6317
41 6336
41 6358
41 6368
41 6391
41 6417
41 6433
41 6459
41 6476
41 6503
41 6525
41 6537
41 6547
41 6562
41 6583
41 6600
41 6641
41 6654
41 6680
41 6691
41 6708
41 6724
41 6747
41 6763
41 6773
41 6785
41 6799
41 6809
41 6824
41 6836
41 6858
41 6866
41 6871
41 6892
41 6903
41 6910
41 6929
41 6949
41 6972
41 6992
41 7010
41 7040
41 7049
41 7066
41 7085
41 7105
41 7122
41 7132
41 7137
41 7153
41 7165
41 7178
41 7186
41 7198
41 7244
41 7268
41 7289
41 7304
41 7311
41 7320
41 7330
41 7349
41 7364
41 7385
41 7399
41 7410
41 7424
41 7439
41 7452
41 7461
41 7479
41 7496
41 7509
41 7519
41 7533
41 7555
41 7571
41 7584
41 7606
41 7616
41 7623
41 7635
41 7662
41 7680
41 7690
41 7709
41 7727
41 7740
41 7763
41 7774
41 7786
41 7792
41 7800
41 7817
41 7829
41 7845
41 7856
41 7867
41 7875
41 7885
41 7909
41 7929
41 7944
41 7955
41 7961
41 7970
41 7985
41 7999
41 8020
41 8044
41 8071
41 8078
41 8089
41 8111
41 8124
41 8139
41 8152
41 8163
41 8174
41 8182
41 8196
41 8217
41 8250
41 8254
41 8263
41 8281
41 8297
41 8312
41 8322
41 8340
41 8349
41 8356
41 8373
41 8386
41 8407
41 8419
41 8427
41 8440
41 8451
41 8461
41 8475
41 8493
41 8514
41 8532
41 8550
41 8559
41 8569
41 8578
41 8597
41 8612
41 8627
41 8641
41 8646
41 8662
41 8679
41 8701
41 8721
41 8726
41 8737
41 8753
41 8776
41 8787
41 8796
41 8810
41 8832
41 8850
41 8860
41 8873
41 8882
41 8892
41 8901
41 8916
41 8932
41 8943
41 8951
41 8962
41 8976
41 9000
41 9012
41 9029
41 9043
41 9071
41 9078
41 9089
41 9098
41 9104
41 9117
41 9131
41 9155
41 9160
41 9173
41 9188
41 9205
41 9220
41 9235
41 9242
41 9256
41 9269
41 9284
41 9299
41 9322
41 9348
41 9363
41 9370
41 9382
41 9397
41 9415
41 9443
41 9453
41 9471
41 9486
41 9497
41 9507
41 9535
41 9544
41 9559
41 9571
41 9587
41 9605
41 9618
41 9641
41 9670
41 9691
41 9711
41 9729
41 9741
41 9753
41 9768
41 9775
41 9791
41 9811
41 9823
41 9833
41 9842
41 9849
41 9866
41 9882
41 9903
41 9915
41 9933
41 9948
41 9960
41 9984
41 10007
41 10018
41 10045
41 10058
41 10074
41 10083
41 10101
41 10120
41 10138
41 10150
41 10181
41 10185
41 10205
41 10215
41 10224
41 10244
41 10256
41 10278
41 10297
41 10313
41 10330
41 10353
41 10375
41 10387
41 10403
41 10419
41 10431
41 10446
41 10459
41 10470
41 10484
41 10499
41 10508
41 10515
41 10531
41 10545
41 10564
41 10581
41 10590
41 10601
41 10608
41 10622
41 10638
41 10655
41 10667
41 10675
41 10702
41 10715
41 10741
41 10755
41 10767
41 10788
41 10801
41 10812
41 10813
41 10814
41 10815
41 10816
41 10817
41 10818
41 10819
41 10820
41 10821
41 10822
41 10823
41 10824
41 10825
41 10826
41 10827
41 10828
41 10829
41 10830
41 10831
41 10832
41 10833
41 10834
41 10835
41 10836
41 10837
41 10838
41 10839
41 10842
41 10844
41 10851
41 10854
41 10872
41 10888
41 10903
41 10910
41 10919
41 10937
41 10951
41 10966
41 10982
41 10995
41 11004
41 11014
41 11026
41 11037
41 11056
41 11085
41 11096
41 11116
41 11133
41 11153
41 11169
41 11184
41 11192
41 11205
41 11225
41 11234
41 11242
41 11253
41 11265
41 11280
41 11291
41 11304
41 11312
41 11339
41 11351
41 11362
41 11375
41 11388
41 11400
41 11421
41 11434
41 11448
41 11466
41 11479
41 11484
41 11499
41 11509
41 11541
41 11555
41 11562
41 11569
41 11581
41 11594
41 11605
41 11619
41 11642
41 11648
41 11662
41 11682
41 11710
41 11735
41 11750
41 11758
41 11773
41 11782
41 11795
41 11815
41 11847
41 11860
41 11883
41 11897
41 11911
41 11921
41 11930
41 11945
41 11958
41 11972
41 11996
41 12007
41 12024
41 12041
41 12050
41 12062
41 12079
41 12089
41 12108
41 12120
41 12132
41 12150
41 12163
41 12173
41 12198
41 12230
41 12244
41 12258
41 12265
41 12275
41 12297
41 12305
41 12331
41 12351
41 12366
41 12380
41 12396
41 12407
41 12430
41 12440
41 12453
41 12467
41 12486
41 12511
41 12526
41 12532
41 12547
41 12555
41 12578
41 12596
41 12602
41 12624
41 12634
41 12651
41 12666
41 12674
41 12684
41 12700
41 12709
41 12724
41 12748
41 12760
41 12779
41 12792
41 12808
41 12825
41 12848
41 12866
41 12889
41 12925
41 12950
41 12970
41 12979
41 12992
41 13009
41 13025
41 13037
41 13063
41 13076
41 13095
41 13104
41 13116
41 13122
41 13142
41 13153
41 13159
41 13171
41 13181
41 13201
41 13218
41 13237
41 13255
41 13272
41 13286
41 13300
41 13316
41 13328
41 13360
41 13379
41 13391
41 13407
41 13425
41 13439
41 13454
41 13467
41 13488
41 13503
41 13526
41 13544
41 13554
41 13576
41 13586
41 13599
41 13615
41 13628
41 13639
41 13680
41 13700
41 13706
41 13712
41 13718
41 13736
41 13742
41 13751
41 13768
41 13779
41 13783
41 13801
41 13811
41 13825
41 13843
41 13855
41 13866
41 13883
41 13895
41 13904
41 13914
41 13927
41 13941
41 13952
41 13961
41 13967
41 13973
41 13991
41 14000
41 14014
41 14023
41 14041
41 14057
41 14077
41 14101
41 14113
41 14124
41 14145
41 14160
41 14172
41 14189
41 14197
41 14217
41 14235
41 14249
41 14265
41 14284
41 14296
41 14304
41 14322
41 14339
41 14363
41 14389
41 14399
41 14404
41 14426
41 14435
41 14450
41 14463
41 14479
41 14504
41 14523
41 14562
41 14579
41 14596
41 14608
41 14617
41 14641
41 14654
41 14673
41 14694
41 14712
41 14737
41 14760
41 14772
41 14789
41 14798
41 14809
41 14826
41 14837
41 14854
41 14877
41 14893
41 14914
41 14928
41 14940
41 14965
41 14985
41 15009
41 15021
41 15041
41 15057
41 15068
41 15082
41 15093
41 15105
41 15113
41 15151
41 15164
41 15184
41 15200
41 15221
41 15237
41 15261
41 15285
41 15307
41 15322
41 15334
41 15350
41 15357
41 15369
41 15381
41 15393
41 15415
41 15433
41 15444
41 15469
41 15477
41 15491
41 15503
41 15517
41 15531
41 15549
41 15564
41 15579
41 15590
41 15598
41 15615
41 15634
41 15648
41 15662
41 15671
41 15688
41 15716
41 15734
41 15746
41 15766
41 15778
41 15803
41 15817
41 15836
41 15853
