30 0
30 1
30 2
30 3
30 4
30 5
30 6
30 7
30 8
30 9
30 10
30 11
30 12
30 13
30 14
30 15
30 16
30 17
30 18
30 19
30 20
30 21
30 22
30 23
30 24
30 25
30 26
30 27
30 28
30 29
30 30
30 31
30 32
30 33
30 34
30 35
30 36
30 37
30 38
30 39
30 40
30 41
30 42
30 43
30 44
30 45
30 46
30 47
30 48
30 49
30 50
30 51
30 52
30 53
30 54
30 55
30 56
30 57
30 58
30 59
30 60
30 61
30 62
30 63
30 64
30 65
30 66
30 67
30 68
30 69
30 70
30 71
30 72
30 73
30 74
30 75
30 76
30 77
30 78
30 79
30 80
30 81
30 82
30 83
30 84
30 85
30 86
30 87
30 88
30 89
30 90
30 91
30 92
30 93
30 94
30 95
30 96
30 97
30 98
30 99
30 100
30 101
30 102
30 103
30 104
30 105
30 106
30 107
30 108
30 109
30 110
30 111
30 112
30 113
30 203
30 228
30 260
30 319
30 351
30 373
30 578
30 636
30 683
30 759
30 825
30 870
30 875
30 917
30 964
30 976
30 1054
30 1079
30 1081
30 1180
30 1196
30 1222
30 1285
30 1302
30 1329
30 1428
30 1433
30 1510
30 1533
30 1786
30 1791
30 1800
30 1869
30 1999
30 2029
30 2065
30 2072
30 2101
30 2106
30 2169
30 2290
30 2403
30 2410
30 2440
30 2463
30 2471
30 2528
30 2549
30 2650
30 2719
30 2732
30 2736
30 2744
30 2750
30 2788
30 2912
30 2970
30 3032
30 3084
30 3139
30 3151
30 3177
30 3180
30 3271
30 3312
30 3335
30 3346
30 3364
30 3420
30 3625
30 3711
30 3727
30 3760
30 3847
30 3883
30 3976
30 4013
30 4019
30 4092
30 4211
30 4286
30 4378
30 4382
30 4420
30 4440
30 4455
30 4466
30 4478
30 4496
30 4619
30 4653
30 4685
30 4703
30 4738
30 4748
30 4768
30 4874
30 4902
30 4905
30 4962
30 5032
30 5057
30 5064
30 5131
30 5177
30 5179
30 5232
30 5282
30 5296
30 5364
30 5378
30 5409
30 5450
30 5488
30 5490
30 5538
30 5550
30 5559
30 5572
30 5602
30 5716
30 5730
30 5769
30 5784
30 5800
30 5828
30 5849
30 5873
30 5890
30 5914
30 6190
30 6224
30 6225
30 6265
30 6280
30 6415
30 6478
30 6501
30 6758
30 6825
30 6883
30 6929
30 6940
30 6967
30 6993
30 7056
30 7153
30 7232
30 7265
30 7270
30 7275
30 7324
30 7372
30 7393
30 7418
30 7420
30 7533
30 7725
30 7737
30 7780
30 7923
30 8056
30 8301
30 8396
30 8398
30 8403
30 8428
30 8429
30 8438
30 8558
30 8694
30 8695
30 8811
30 8814
30 8837
30 8911
30 8929
30 9006
30 9015
30 9050
30 9084
30 9089
30 9133
30 9186
30 9221
30 9253
30 9290
30 9304
30 9320
30 9330
30 9361
30 9363
30 9416
30 9483
30 9532
30 9545
30 9617
30 9689
30 9706
30 9765
30 9774
30 9854
30 9872
30 9879
30 9884
30 9934
30 9938
30 9963
30 9964
30 10014
30 10023
30 10045
30 10099
30 10124
30 10127
30 10133
30 10258
30 10262
30 10353
30 10470
30 10496
30 10573
30 10586
30 10615
30 10722
30 10724
30 11040
30 11041
30 11059
30 11168
31 87
31 93
31 141
31 151
31 184
31 212
31 230
31 257
31 340
31 358
31 364
31 401
31 405
31 469
31 471
31 525
31 584
31 613
31 683
31 684
31 697
31 712
31 729
31 753
31 885
31 934
31 953
31 1003
31 1040
31 1057
31 1105
31 1123
31 1148
31 1187
31 1239
31 1253
31 1295
31 1301
31 1348
31 1373
31 1374
31 1426
31 1476
31 1506
31 1532
31 1540
31 1551
31 1553
31 1676
31 1759
31 1884
31 1994
31 2156
31 2181
31 2219
31 2239
31 2304
31 2330
31 2332
31 2405
31 2419
31 2450
31 2463
31 2470
31 2510
31 2576
31 2582
31 2690
31 2710
31 2771
31 2773
31 2887
31 2912
31 2920
31 2979
31 3030
31 3059
31 3174
31 3176
31 3190
31 3219
31 3251
31 3288
31 3309
31 3351
31 3356
31 3359
31 3399
31 3400
31 3424
31 3531
31 3642
31 3675
31 3692
31 3894
31 3898
31 3911
31 3930
31 3968
31 4044
31 4136
31 4137
31 4146
31 4152
31 4206
31 4302
31 4393
31 4595
31 4600
31 4610
31 4643
31 4679
31 4724
31 4813
31 4817
31 4824
31 4856
31 4886
31 4922
31 4925
31 4948
31 4957
31 4979
31 4990
31 4991
31 5165
31 5167
31 5190
31 5209
31 5283
31 5313
31 5360
31 5362
31 5447
31 5514
31 5540
31 5561
31 5593
31 5700
31 5714
31 5733
31 5743
31 5767
31 5775
31 5876
31 5946
31 5963
31 6093
31 6101
31 6132
31 6137
31 6149
31 6185
31 6222
31 6238
31 6261
31 6329
31 6351
31 6352
31 6392
31 6419
31 6431
31 6432
31 6446
31 6468
31 6567
31 6582
31 6585
31 6608
31 6706
31 6717
31 6758
31 6812
31 6832
31 6871
31 6886
31 6894
31 6946
31 7029
31 7037
31 7197
31 7243
31 7305
31 7349
31 7369
31 7387
31 7398
31 7446
31 7543
31 7559
31 7640
31 7793
31 7803
31 7813
31 7839
31 7880
31 8059
31 8063
31 8167
31 8239
31 8319
31 8351
31 8398
31 8401
31 8468
31 8480
31 8511
31 8525
31 8550
31 8564
31 8624
31 8696
31 8725
31 8754
31 8761
31 8786
31 8943
31 8990
31 9020
31 9102
31 9128
31 9176
31 9199
31 9221
31 9286
31 9394
31 9451
31 9467
31 9475
31 9480
31 9503
31 9518
31 9542
31 9674
31 9679
31 9705
31 9718
31 9907
31 9937
31 9968
31 9975
31 10000
31 10047
31 10118
31 10213
31 10229
31 10281
31 10403
31 10430
31 10521
31 10537
31 10557
31 10577
31 10612
31 10683
31 10807
31 10824
31 10832
31 10890
31 10894
31 10944
31 10952
31 11103
31 11114
31 11162
31 11369
31 11378
31 11477
31 11546
31 11589
31 11610
31 11672
31 11723
31 11725
31 11758
31 11765
31 11769
31 11801
31 11852
31 11925
31 11960
31 12037
31 12038
31 12040
31 12094
31 12353
31 12418
31 12476
31 12505
31 12594
31 12599
31 12616
31 12691
31 12755
31 12861
31 12875
31 12890
31 12900
31 12939
31 12992
31 12994
31 13030
31 13041
31 13045
31 13266
31 13290
31 13318
31 13327
31 13476
31 13516
31 13557
31 13560
31 13696
31 13793
31 13840
31 13876
31 13902
31 13916
31 13934
31 13960
31 14061
31 14076
31 14192
31 14275
31 14277
31 14303
31 14348
31 14377
31 14401
31 14440
31 14445
31 14446
31 14464
31 14537
31 14554
31 14667
31 14679
31 14691
31 14805
31 14847
31 14990
31 14997
31 15057
31 15094
31 15129
31 15249
31 15256
31 15272
31 15311
31 15342
31 15433
31 15461
31 15498
31 15632
31 15682
31 15689
31 15716
31 15730
31 15922
31 15930
31 16001
31 16064
31 16143
31 16215
31 16218
31 16221
31 16314
31 16372
31 16381
31 16382
31 16398
31 16430
31 16451
31 16459
31 16589
31 16721
31 16724
31 16801
31 16830
31 16837
31 16861
31 16904
31 16932
31 16995
31 17041
31 17079
31 17090
31 17091
31 17125
31 17161
31 17172
31 17179
31 17389
31 17465
31 17472
31 17569
31 17605
31 17610
31 17617
31 17622
31 17636
31 17705
31 17754
31 17851
31 17922
31 17981
31 17997
31 18045
31 18051
31 18054
31 18095
31 18097
31 18098
31 18152
31 18171
31 18224
31 18290
31 18358
31 18360
31 18400
31 18402
31 18421
31 18478
31 18487
31 18493
31 18494
31 18545
31 18631
31 18691
31 18760
31 18820
31 18844
31 18846
31 18966
31 19012
31 19047
31 19148
31 19159
31 19196
31 19231
31 19262
31 19312
31 19390
31 19480
31 19486
31 19592
31 19599
31 19620
31 19645
31 19675
31 19840
31 19905
31 19911
31 19938
31 19974
31 19975
31 19985
31 20019
31 20047
31 20094
31 20117
31 20157
31 20166
31 20184
31 20234
31 20356
31 20383
31 20432
31 20436
31 20457
31 20522
31 20567
31 20588
31 20629
31 20721
31 20724
31 20741
31 20754
31 20755
31 20799
31 20838
31 20841
31 20952
31 20993
31 21001
31 21021
31 21025
31 21041
31 21046
31 21154
31 21245
31 21372
31 21432
31 21494
31 21609
31 21619
31 21622
31 21759
31 21845
31 21899
31 21911
31 21931
31 21972
31 21977
31 21997
31 22125
31 22139
31 22158
31 22171
31 22220
31 22343
31 22445
31 22558
31 22581
31 22604
31 22610
31 22614
31 22772
31 22798
31 22866
31 22880
31 22974
31 22990
31 23036
31 23081
31 23084
31 23108
31 23162
31 23215
31 23294
31 23442
31 23443
31 23506
31 23560
31 23599
31 23651
31 23661
31 23733
31 23746
31 23766
31 23890
31 23939
31 23993
31 24001
31 24010
31 24028
31 24092
31 24119
31 24121
31 24411
31 24425
31 24437
31 24571
31 24599
31 24610
31 24652
31 24660
31 24669
31 24892
31 24943
31 25178
31 25259
31 25298
31 25338
31 25344
31 25353
31 25354
31 25410
31 25420
31 25475
31 25504
31 25635
31 25645
31 25751
31 25809
31 25862
31 25986
31 26023
31 26033
31 26048
31 26085
31 26135
31 26137
31 26303
31 26328
31 26335
31 26511
31 26522
31 26609
32 6
32 54
32 265
32 287
32 354
32 424
32 468
32 488
32 571
32 577
32 600
32 630
32 659
32 876
32 890
32 909
32 942
32 960
32 1065
32 1074
32 1092
32 1118
32 1121
32 1367
32 1376
32 1445
32 1464
32 1545
32 1547
32 1593
32 1595
32 1609
32 1615
32 1629
32 1641
32 1643
32 1667
32 1741
32 1813
32 1828
32 1856
32 1863
32 1925
32 1932
32 1947
32 1952
32 1998
32 2028
32 2037
32 2099
32 2144
32 2156
32 2158
32 2171
32 2176
32 2190
32 2243
32 2266
32 2354
32 2457
32 2486
32 2506
32 2536
32 2545
32 2611
32 2639
32 2642
32 2655
32 2662
32 2889
32 2953
32 2968
32 3054
32 3057
32 3074
32 3105
32 3233
32 3241
32 3271
32 3281
32 3348
32 3396
32 3419
32 3429
32 3475
32 3500
32 3555
32 3712
32 3720
32 3737
32 3769
32 3781
32 3785
32 3787
32 3795
32 3853
32 3881
32 3937
32 4041
32 4107
32 4120
32 4135
32 4140
32 4155
32 4156
32 4319
32 4323
32 4353
32 4384
32 4395
32 4464
32 4467
32 4510
32 4637
32 4681
32 4702
32 4734
32 4758
32 4769
32 4772
32 4816
32 4881
32 4956
32 4990
32 5038
32 5223
32 5267
32 5325
32 5339
32 5364
32 5410
32 5470
32 5472
32 5531
32 5555
32 5570
32 5703
32 5825
32 5874
32 6050
32 6055
32 6170
32 6179
32 6239
32 6248
32 6371
32 6375
32 6376
32 6451
32 6543
32 6676
32 6679
32 6700
32 6706
32 6758
32 6771
32 6837
32 6844
32 6846
32 6849
32 6892
32 6900
32 6949
32 7085
32 7136
32 7231
32 7235
32 7258
32 7310
32 7312
32 7474
32 7523
32 7551
32 7626
32 7829
32 8020
32 8037
32 8049
32 8055
32 8103
32 8105
32 8107
32 8137
32 8185
32 8206
32 8212
32 8316
32 8354
32 8409
32 8473
32 8483
32 8503
32 8545
32 8658
32 8691
32 8709
32 8762
32 8878
32 8917
32 8953
32 8954
32 9018
32 9047
32 9068
32 9071
32 9072
32 9131
32 9163
32 9190
32 9222
32 9315
32 9327
32 9346
32 9415
32 9464
32 9560
32 9563
32 9580
32 9719
32 9911
32 9918
32 10075
32 10100
32 10134
32 10152
32 10174
32 10175
32 10197
32 10240
32 10261
32 10278
32 10391
32 10473
32 10516
32 10558
32 10678
32 10695
32 10762
32 10773
32 10782
32 10793
32 10901
32 10943
32 10995
32 11016
32 11019
32 11021
32 11106
32 11212
32 11221
32 11225
32 11273
32 11288
32 11344
32 11352
32 11391
32 11394
32 11763
32 11801
32 11828
32 11862
32 11874
32 11881
32 11948
32 11957
32 12072
32 12079
32 12141
32 12151
32 12167
32 12207
32 12245
32 12319
32 12332
32 12410
32 12416
32 12419
32 12468
32 12500
32 12534
32 12554
32 12615
32 12684
32 12746
32 12808
32 12918
32 12929
32 12965
32 13008
32 13029
32 13093
32 13112
32 13132
32 13299
32 13300
32 13306
32 13313
32 13351
32 13436
32 13473
32 13507
32 13526
32 13580
32 13647
32 13666
32 13676
32 13680
32 13704
32 13707
32 13885
32 13896
32 13898
32 13932
32 13945
32 13976
32 14039
32 14055
32 14058
32 14083
32 14103
32 14106
32 14153
32 14219
32 14228
32 14245
32 14249
33 10
33 41
33 65
33 68
33 107
33 155
33 190
33 244
33 264
33 283
33 341
33 414
33 543
33 579
33 590
33 609
33 685
33 687
33 699
33 711
33 794
33 852
33 855
33 859
33 917
33 937
33 979
33 1031
33 1103
33 1129
33 1288
33 1291
33 1309
33 1317
33 1320
33 1459
33 1580
33 1587
33 1686
33 1734
33 1748
33 1769
33 1858
33 1864
33 1868
33 1881
33 1912
33 1966
33 1985
33 1989
33 2024
33 2053
33 2245
33 2256
33 2276
33 2327
33 2328
33 2381
33 2391
33 2473
33 2495
33 2540
33 2568
33 2590
33 2623
33 2679
33 2696
33 2711
33 2719
33 2749
33 2847
33 2861
33 2880
33 2882
33 2896
33 2978
33 3093
33 3118
33 3154
33 3175
33 3255
33 3337
33 3357
33 3392
33 3416
33 3489
33 3521
33 3533
33 3560
33 3629
33 3631
33 3657
33 3730
33 3851
33 3969
33 4014
33 4091
33 4141
33 4281
33 4286
33 4358
33 4400
33 4473
33 4474
33 4509
33 4532
33 4586
33 4597
33 4663
33 4746
33 4787
33 4886
33 4902
33 4927
33 5025
33 5035
33 5039
33 5055
33 5062
33 5066
33 5118
33 5147
33 5169
33 5185
33 5215
33 5235
33 5249
33 5298
33 5332
33 5353
33 5358
33 5359
33 5380
33 5444
33 5459
33 5555
33 5583
33 5682
33 5701
33 5727
33 5851
33 5913
33 5922
33 5943
33 5958
33 6077
33 6082
33 6091
33 6122
33 6145
33 6180
33 6298
33 6403
33 6467
33 6527
33 6582
33 6594
33 6613
33 6616
33 6629
33 6688
33 6706
33 6714
33 6735
33 6798
33 6850
33 6889
33 6899
33 6948
33 6976
33 7031
33 7041
33 7148
33 7158
33 7167
33 7218
33 7220
33 7370
33 7413
33 7422
33 7438
33 7469
33 7518
33 7523
33 7651
33 7693
33 7729
33 7793
33 7802
33 7814
33 7845
33 7903
33 8036
33 8081
33 8146
33 8163
33 8232
33 8273
33 8275
33 8283
33 8286
33 8384
33 8396
33 8562
33 8572
33 8604
33 8630
33 8639
33 8659
33 8746
33 8767
33 8787
33 8799
33 8805
33 8864
33 8878
33 8905
33 8910
33 8929
33 8968
33 8970
33 9026
33 9067
33 9136
33 9186
33 9189
33 9202
33 9213
33 9215
33 9267
33 9321
33 9380
33 9475
33 9608
33 9626
33 9660
33 9674
33 9737
33 9740
33 9789
33 9811
33 9812
33 9865
33 9941
33 9992
33 10012
33 10042
33 10270
33 10336
33 10417
33 10428
33 10490
33 10523
33 10567
33 10575
33 10623
33 10641
33 10742
33 10919
33 10938
33 10958
33 10962
33 11020
33 11056
33 11121
33 11143
33 11308
33 11429
33 11454
33 11473
33 11544
33 11625
33 11710
33 11730
33 11854
33 11971
33 12023
33 12124
33 12129
33 12164
33 12174
33 12198
33 12201
33 12230
33 12247
33 12415
33 12504
33 12531
33 12584
33 12604
33 12610
33 12697
33 12703
33 12733
33 12738
33 12750
33 12791
33 12794
33 12812
33 12842
33 12951
33 13137
33 13145
33 13318
33 13374
33 13473
33 13530
33 13683
33 13988
33 14050
33 14060
33 14217
33 14259
33 14307
33 14481
33 14554
33 14623
33 14658
33 14688
33 14742
33 14781
33 14814
33 14997
33 15049
33 15050
33 15052
33 15099
33 15252
33 15296
33 15301
33 15309
33 15312
33 15336
33 15373
33 15416
33 15424
33 15471
33 15486
33 15512
33 15517
33 15536
33 15590
33 15627
33 15667
33 15668
33 15691
33 15822
33 15866
33 15969
33 16003
33 16027
33 16119
33 16153
33 16185
33 16246
33 16248
33 16250
33 16275
33 16285
33 16304
33 16319
33 16446
33 16453
33 16582
33 16584
33 16590
33 16609
33 16619
33 16724
33 16906
33 17125
33 17152
33 17188
33 17248
33 17259
33 17263
33 17287
33 17291
33 17306
33 17376
33 17387
33 17414
33 17470
33 17495
33 17617
33 17832
33 17856
33 17863
33 17874
33 17885
33 17992
33 18062
33 18166
33 18191
33 18355
33 18376
33 18389
33 18459
33 18558
33 18562
33 18621
33 18622
33 18628
33 18653
33 18670
33 18675
33 18784
33 18787
33 18791
33 18896
33 18937
33 19004
33 19024
33 19104
33 19151
33 19184
33 19213
33 19226
33 19284
33 19322
33 19340
33 19409
33 19450
33 19499
33 19529
33 19553
33 19555
33 19606
33 19711
33 19743
33 19848
33 19851
33 19872
33 19891
33 19955
33 19968
33 20104
33 20107
33 20316
33 20385
33 20394
33 20415
33 20514
33 20557
33 20717
33 20722
33 20825
33 20898
33 20941
33 20951
33 20963
33 20973
33 21008
33 21062
33 21142
33 21175
33 21182
33 21206
33 21275
33 21294
33 21379
33 21422
33 21432
33 21435
33 21442
33 21533
33 21666
33 21720
33 21923
33 22046
33 22065
33 22115
33 22147
33 22254
33 22263
33 22282
33 22287
33 22300
33 22335
33 22372
33 22419
33 22436
33 22441
33 22544
33 22581
33 22603
33 22605
33 22695
33 22704
33 22713
33 22740
33 22741
33 22749
33 22777
33 22831
33 22838
33 22857
33 23098
33 23143
33 23226
33 23267
33 23270
33 23287
33 23335
33 23503
33 23595
33 23626
33 23629
33 23641
33 23905
33 23924
33 24098
33 24100
33 24119
33 24157
33 24180
33 24201
33 24231
33 24238
33 24276
33 24277
33 24342
33 24361
33 24445
33 24514
33 24550
33 24573
33 24577
33 24662
33 24671
33 24727
33 24850
33 24952
33 24961
33 24985
33 25089
33 25118
33 25155
33 25192
33 25242
33 25350
33 25529
33 25602
33 25677
33 25709
33 25728
33 25734
33 25808
33 25819
33 25962
33 26039
33 26116
33 26171
33 26219
33 26278
33 26324
33 26429
33 26449
33 26492
33 26632
33 26692
33 26764
33 26849
33 26895
33 26898
33 27098
33 27163
33 27164
33 27204
33 27309
33 27378
33 27417
33 27425
33 27509
33 27677
33 27743
33 27744
33 27823
33 27897
33 27907
33 28115
33 28388
33 28866
33 29005
33 29027
33 29103
33 29457
33 29517
33 29553
33 29732
33 29738
33 29770
33 29779
33 29827
33 29899
33 29941
33 29945
33 29987
33 30011
33 30259
33 30294
33 30322
33 30422
33 30558
33 30667
33 30749
33 30762
33 30774
33 30837
33 30870
33 30908
33 30944
33 30961
33 31076
33 31137
33 31218
33 31257
33 31277
33 31353
33 31386
33 31397
33 31471
33 31498
33 31530
33 31548
33 31579
33 31598
33 31645
33 31661
33 31670
33 31677
33 31764
33 31819
33 31874
33 31992
33 32056
33 32105
33 32132
33 32155
33 32181
33 32269
33 32280
33 32357
33 32365
33 32419
33 32440
33 32476
33 32516
33 32521
33 32568
33 32572
33 32584
33 32625
33 32671
33 32697
33 32723
33 32782
33 32805
33 32842
33 32904
33 32932
33 32934
33 32935
33 32977
33 32997
33 33042
33 33115
33 33123
33 33212
33 33240
33 33250
33 33304
33 33317
33 33334
33 33471
33 33556
33 33612
33 33838
33 33896
33 33984
33 33987
33 34034
33 34092
33 34140
33 34188
33 34235
33 34247
33 34315
33 34319
33 34335
33 34340
33 34407
33 34419
33 34451
33 34460
33 34569
33 34685
33 34705
33 34716
33 34722
33 34739
33 34755
33 34757
33 34772
33 34842
33 35013
33 35082
33 35257
33 35355
33 35360
33 35362
33 35363
33 35367
33 35369
33 35404
33 35637
33 35646
33 35690
33 35715
33 35756
33 35765
33 35807
33 35824
33 35844
33 35846
33 35855
33 35864
33 35906
33 36033
33 36057
33 36074
33 36118
33 36167
33 36188
33 36210
33 36225
33 36242
33 36255
33 36287
33 36315
33 36330
33 36394
33 36443
33 36558
33 36568
33 36602
33 36660
33 36664
33 36726
33 36780
33 36820
33 36854
33 36869
33 36889
33 37006
33 37039
33 37223
33 37224
33 37241
33 37267
33 37279
33 37296
33 37387
33 37425
33 37438
33 37443
33 37510
33 37511
33 37530
33 37565
33 37609
33 37631
33 37643
33 37667
33 37686
33 37786
33 37868
33 37904
33 38153
33 38222
33 38266
33 38270
33 38283
33 38386
33 38448
33 38455
33 38520
33 38537
33 38570
33 38650
33 38705
33 38735
33 38739
33 38748
33 38762
33 38843
33 38866
33 38915
33 38925
33 38942
33 38954
33 38965
33 39003
33 39059
33 39093
33 39182
33 39217
33 39231
33 39259
33 39342
33 39421
33 39428
33 39542
33 39554
33 39564
33 39612
33 39614
33 39618
33 39624
33 39660
33 39671
33 39681
33 39873
33 39969
33 40046
33 40065
33 40182
33 40248
33 40256
33 40296
33 40356
33 40367
33 40371
33 40440
33 40455
33 40460
33 40549
33 40574
33 40608
33 40767
33 40829
33 40866
33 40901
33 40905
34 5
34 90
34 107
34 233
34 279
34 280
34 289
34 347
34 515
34 597
34 609
34 733
34 975
34 982
34 1076
34 1106
34 1162
34 1256
34 1271
34 1273
34 1287
34 1306
34 1389
34 1402
34 1498
34 1623
34 1643
34 1680
34 1689
34 1740
34 1814
34 1842
34 1934
34 1983
34 1999
34 2047
34 2201
34 2210
34 2230
34 2254
34 2287
34 2341
34 2402
34 2488
34 2575
34 2609
34 2756
34 2849
34 2972
34 2978
34 2984
34 2997
34 3068
34 3303
34 3351
34 3355
34 3377
34 3448
34 3560
34 3654
34 3722
34 3739
34 3747
34 3767
34 3777
34 3785
34 3811
34 3867
34 3876
34 3880
34 3917
34 3946
34 3965
34 3966
34 4000
34 4109
34 4340
34 4384
34 4441
34 4446
34 4456
34 4511
34 4535
34 4541
34 4569
34 4642
34 4657
34 4844
34 4886
34 4890
34 4911
34 4917
34 5010
34 5048
34 5161
34 5176
34 5193
34 5231
34 5432
34 5584
34 5627
34 5768
34 5778
34 5810
34 5817
34 5852
34 5857
34 5987
34 6091
34 6139
34 6167
34 6179
34 6222
34 6239
34 6294
34 6402
34 6403
34 6491
34 6515
34 6536
34 6622
34 6642
34 6739
34 6767
34 6780
34 6803
34 6840
34 6976
34 7034
34 7065
34 7189
34 7199
34 7244
34 7308
34 7325
34 7330
34 7470
34 7488
34 7490
34 7495
34 7527
34 7620
34 7625
34 7691
34 7706
34 7780
34 7839
34 7973
34 8038
34 8058
34 8111
34 8120
34 8157
34 8218
34 8243
34 8355
34 8420
34 8421
34 8454
34 8474
34 8706
34 8846
34 8961
34 8981
34 9109
34 9148
34 9172
34 9280
34 9292
34 9293
34 9342
34 9411
34 9447
34 9510
34 9544
34 9653
34 9657
34 9671
34 9813
34 9835
34 9917
34 9940
34 9960
34 10025
34 10147
34 10185
34 10214
34 10228
34 10252
34 10270
34 10327
34 10489
34 10506
34 10572
34 10584
34 10594
34 10600
34 10618
34 10686
34 10705
34 10740
34 10791
34 10793
34 10821
34 10892
34 11059
34 11084
34 11148
34 11186
34 11237
34 11286
34 11291
34 11304
34 11316
34 11385
34 11475
34 11577
34 11676
34 11755
34 11789
34 11792
34 11842
34 11848
34 11849
34 11872
34 11894
34 11923
34 11951
34 12021
34 12123
34 12311
34 12312
34 12314
34 12349
34 12357
34 12389
34 12405
34 12427
34 12462
34 12477
34 12519
34 12560
34 12644
34 12645
34 12677
34 12691
34 12888
34 12957
34 12974
34 12981
34 13012
34 13137
34 13225
34 13281
34 13293
34 13304
34 13321
34 13327
34 13420
34 13493
34 13534
34 13600
34 13634
34 13735
34 13803
34 13833
34 13988
34 14006
34 14054
34 14057
34 14060
34 14090
34 14102
34 14223
34 14237
34 14241
34 14242
34 14286
34 14387
34 14464
34 14530
34 14650
34 14693
34 14763
34 14777
34 14778
34 14861
34 14873
34 14882
34 14888
34 14951
34 14977
34 15014
34 15015
34 15137
34 15154
34 15197
34 15223
34 15290
34 15323
34 15405
34 15425
34 15492
34 15557
34 15577
34 15658
34 15695
34 15747
34 15993
34 16007
34 16046
34 16050
34 16138
34 16174
34 16182
34 16197
34 16304
34 16364
34 16658
34 16660
34 16717
34 16733
34 16771
34 16816
34 16822
34 16824
34 16877
34 16886
34 16940
34 16975
34 16998
34 17180
34 17277
34 17290
34 17308
34 17354
34 17440
34 17441
34 17474
34 17507
34 17542
34 17573
34 17663
34 17674
34 17799
34 17834
34 17876
34 17917
34 17934
34 17946
34 17950
34 17977
34 18004
34 18091
34 18208
34 18239
34 18264
34 18278
34 18324
34 18343
34 18365
34 18415
34 18474
34 18536
34 18626
34 18628
34 18660
34 18718
34 18743
34 18785
34 18792
34 18856
34 18883
34 18938
34 18952
34 19076
34 19103
34 19125
34 19198
34 19208
34 19210
34 19217
34 19351
34 19449
34 19503
34 19515
34 19655
34 19693
34 19810
34 19849
34 19861
34 19986
34 20334
34 20391
34 20403
34 20438
34 20466
34 20543
34 20628
34 20653
34 20669
34 20710
34 20722
34 20746
34 20779
34 20854
34 20901
34 21106
34 21163
34 21192
34 21268
34 21321
34 21353
34 21399
34 21523
34 21648
34 21667
34 21673
34 21698
34 21748
34 21765
34 21779
34 21791
34 21931
34 21976
34 22005
34 22074
34 22118
34 22131
34 22203
34 22216
34 22287
34 22290
34 22314
34 22348
34 22413
34 22470
34 22546
34 22735
34 22982
34 23027
34 23256
34 23278
34 23320
34 23346
34 23358
34 23401
34 23426
34 23462
34 23501
34 23529
34 23578
34 23602
34 23615
34 23631
34 23632
34 23648
34 23665
34 23675
34 23728
34 23835
34 23836
34 23861
34 24061
34 24081
34 24083
34 24125
34 24197
34 24226
34 24264
34 24289
34 24346
34 24559
34 24599
34 24639
34 24653
34 24753
34 25047
34 25176
34 25260
34 25341
34 25346
34 25378
34 25382
34 25429
34 25456
34 25460
34 25560
34 25643
34 25738
34 25752
34 25789
34 25996
34 26001
34 26042
34 26165
34 26306
34 26357
34 26366
34 26384
34 26387
34 26449
34 26503
34 26545
34 26557
34 26790
34 26845
34 26878
34 26912
34 26936
34 26952
34 27006
34 27113
34 27135
34 27179
34 27193
34 27241
34 27324
34 27326
34 27464
34 27486
34 27512
34 27571
34 27618
34 27693
34 27696
34 27779
34 27853
34 27954
34 28155
34 28310
34 28406
34 28469
34 28506
34 28583
34 28652
34 28694
34 28748
34 28773
34 28816
34 29072
34 29121
34 29127
34 29134
34 29135
34 29219
34 29247
34 29248
34 29319
34 29396
34 29671
34 29739
34 29740
34 29752
34 29793
34 29863
34 29886
34 29988
34 30017
34 30317
34 30343
34 30383
34 30407
34 30461
34 30513
34 30520
34 30524
34 30615
34 30727
34 30846
34 30877
34 30894
34 31055
34 31198
34 31249
34 31310
34 31315
34 31500
34 31540
34 31692
34 31757
34 31779
34 31864
34 32095
34 32164
34 32274
34 32298
34 32355
34 32372
34 32501
34 32663
34 32799
34 32830
34 32834
34 32876
34 32974
34 33008
34 33074
34 33090
34 33190
34 33201
34 33273
34 33339
34 33362
34 33392
34 33395
34 33450
34 33696
34 33748
34 33859
34 33919
34 33922
34 33954
34 33986
34 34040
34 34047
34 34187
34 34202
34 34209
34 34233
34 34244
34 34286
34 34467
34 34530
34 34592
34 34653
34 34680
34 34691
34 34717
34 34727
34 34736
34 34763
34 34772
34 34848
34 34859
34 34887
34 35007
34 35012
34 35032
34 35117
34 35147
34 35198
34 35270
34 35280
34 35294
34 35300
34 35302
34 35305
34 35347
34 35372
34 35562
34 35584
34 35623
34 35651
34 35668
34 35748
34 35803
34 35891
34 35902
34 35932
34 35991
34 36002
34 36007
34 36039
34 36043
34 36115
34 36191
34 36228
34 36257
34 36274
34 36303
34 36311
34 36370
34 36372
34 36466
34 36478
34 36479
34 36496
34 36649
34 36674
34 36692
34 36911
34 36945
34 36950
34 37016
34 37094
34 37095
34 37136
34 37174
34 37193
34 37212
34 37236
34 37242
34 37507
34 37553
34 37587
34 37605
34 37610
34 37651
34 37665
34 37757
34 37815
34 37825
34 37855
34 37856
34 37933
34 37946
34 37993
34 38069
34 38095
34 38126
34 38144
34 38299
34 38417
34 38505
34 38529
34 38541
34 38614
34 38631
34 38686
34 38714
34 38764
34 38998
34 39022
34 39054
34 39096
34 39152
34 39211
34 39216
34 39261
34 39366
34 39369
34 39384
34 39410
34 39523
34 39595
34 39631
34 39649
34 39693
34 39802
34 40008
34 40023
34 40059
34 40124
35 9
35 91
35 131
35 155
35 243
35 277
35 323
35 395
35 412
35 479
35 547
35 575
35 622
35 701
35 825
35 915
35 996
35 1082
35 1210
35 1251
35 1273
35 1322
35 1326
35 1450
35 1548
35 1559
35 1673
35 1777
35 1938
35 1977
35 1989
35 2052
35 2161
35 2297
35 2414
35 2431
35 2446
35 2606
35 2733
35 2747
35 2870
35 2906
35 2971
35 2996
35 3194
35 3290
35 3306
35 3361
35 3383
35 3462
35 3532
35 3623
35 3641
35 3723
35 3731
35 3753
35 3875
35 3954
35 4004
35 4142
35 4296
35 4299
35 4327
35 4360
35 4389
35 4452
35 4466
35 4513
35 4548
35 4610
35 4617
35 4628
35 4639
35 4677
35 4702
35 4705
35 4724
35 4754
35 4833
35 4917
35 4949
35 5075
35 5128
35 5189
35 5192
35 5213
35 5238
35 5269
35 5327
35 5348
35 5408
35 5529
35 5572
35 5655
35 5701
35 5703
35 5724
35 5775
35 5920
35 5924
35 5926
35 5945
35 5992
35 6069
35 6091
35 6197
35 6206
35 6213
35 6276
35 6544
35 6585
35 6639
35 6665
35 6819
35 6845
35 6881
35 6975
35 6980
35 7039
35 7062
35 7072
35 7127
35 7151
35 7162
35 7172
35 7257
35 7278
35 7297
35 7326
35 7330
35 7365
35 7388
35 7410
35 7421
35 7460
35 7473
35 7521
35 7577
35 7604
35 7662
35 7719
35 7723
35 7725
35 7741
35 7785
35 7938
35 7947
35 8019
35 8047
35 8197
35 8296
35 8301
35 8444
35 8478
35 8528
35 8607
35 8682
35 8683
35 8733
35 8823
35 8851
35 8884
35 8918
35 8971
35 8996
35 9045
35 9113
35 9125
35 9237
35 9314
35 9337
35 9408
35 9416
35 9419
35 9420
35 9596
35 9640
35 9665
35 9759
35 9782
35 9795
35 9849
35 9993
35 10006
35 10168
35 10176
35 10217
35 10320
35 10416
35 10591
35 10612
35 10620
35 10685
35 10737
35 10739
35 10799
35 10817
35 10888
35 11022
35 11136
35 11158
35 11178
35 11182
35 11193
35 11205
35 11241
35 11283
35 11342
35 11402
35 11449
35 11497
35 11510
35 11525
35 11582
35 11612
35 11654
35 11780
35 11783
35 11880
35 11960
35 12026
35 12108
35 12181
35 12262
35 12296
35 12309
35 12396
35 12467
35 12597
35 12646
35 12695
35 12734
35 12760
35 12780
35 12834
35 12899
35 12969
35 13048
35 13183
35 13200
35 13202
35 13297
35 13411
35 13425
35 13484
35 13530
35 13570
35 13610
35 13622
35 13631
35 13723
35 13748
35 13749
35 13772
35 13913
35 13960
35 14171
35 14184
35 14215
35 14317
35 14343
35 14551
35 14598
35 14606
35 14678
35 14708
35 14776
35 14800
35 14834
35 14909
35 15035
35 15215
35 15311
35 15359
35 15397
35 15538
35 15568
35 15573
35 15596
35 15625
35 15651
35 15655
35 15690
35 15727
35 15824
35 15864
35 15881
35 15958
35 16017
35 16069
35 16092
35 16110
35 16123
35 16209
35 16270
35 16308
35 16324
35 16329
35 16501
35 16542
35 16570
35 16601
35 16748
35 16842
35 16913
35 17046
35 17061
35 17245
35 17365
35 17452
35 17573
35 17591
35 17643
35 17649
35 17671
35 17792
35 17801
35 17941
35 17975
35 18052
35 18120
35 18165
35 18380
35 18545
35 18555
35 18580
35 18733
35 18737
35 18791
35 18843
35 18874
35 18904
35 18954
35 19111
35 19143
35 19194
35 19251
35 19270
35 19308
35 19339
35 19466
35 19494
35 19515
35 19567
35 19617
35 19618
35 19947
35 19958
35 20180
35 20214
35 20240
35 20274
35 20286
35 20383
35 20458
35 20609
35 20620
35 20627
35 20667
35 20752
35 20835
35 20844
35 20947
35 21001
35 21071
35 21100
35 21136
35 21137
35 21163
35 21169
35 21198
35 21292
35 21373
35 21455
35 21481
35 21517
35 21545
35 21555
35 21617
35 21649
35 21851
35 21864
35 22039
35 22101
35 22135
35 22152
35 22185
35 22238
35 22243
35 22304
35 22347
35 22348
35 22411
35 22506
35 22521
35 22641
35 22863
35 22904
35 22945
35 23096
35 23114
35 23165
35 23211
35 23237
35 23276
35 23285
35 23442
35 23512
35 23529
35 23721
35 23795
35 23799
35 23819
35 23836
35 23838
35 23912
35 23988
35 24010
35 24024
35 24059
35 24244
35 24380
35 24394
35 24403
35 24408
35 24449
35 24546
35 24585
35 24623
35 24704
35 24842
35 24984
35 24999
35 25116
35 25170
35 25236
35 25299
35 25323
35 25342
35 25403
35 25471
35 25617
35 25639
35 25678
35 25680
35 25681
35 25692
35 25853
35 25957
35 26029
35 26032
35 26064
35 26203
35 26248
35 26281
35 26303
35 26309
35 26320
35 26333
35 26383
35 26425
35 26430
35 26442
35 26499
35 26513
35 26539
35 26607
35 26667
35 26708
35 26777
35 26785
35 26820
35 26842
35 26864
35 26892
35 26938
35 26955
35 26959
35 27305
35 27391
35 27571
35 27631
35 27722
35 27823
35 27840
35 27846
35 27967
35 27984
35 28382
35 28463
35 28595
35 28608
35 28727
35 28760
35 28940
35 29057
35 29084
35 29189
35 29355
35 29359
35 29389
35 29405
35 29453
35 29529
35 29530
35 29538
35 29545
35 29562
35 29572
35 29596
35 29635
35 29746
35 29801
35 29810
35 29860
35 29938
35 29944
35 29989
35 30038
35 30048
35 30093
35 30123
35 30154
35 30263
35 30305
35 30380
