60 20
60 26
60 27
60 34
60 39
60 82
60 118
60 134
60 144
60 230
60 243
60 339
60 415
60 421
60 458
60 473
60 499
60 500
60 536
60 583
60 622
60 623
60 624
60 661
60 684
60 694
60 708
60 725
60 768
60 811
60 825
60 864
60 879
60 886
60 918
60 923
60 960
60 963
60 1005
60 1029
60 1040
60 1042
60 1043
60 1083
60 1116
60 1139
60 1155
60 1200
60 1232
60 1250
60 1293
60 1311
60 1317
60 1346
60 1347
60 1401
60 1404
60 1417
60 1420
60 1426
60 1433
60 1434
60 1461
60 1502
60 1526
60 1532
60 1540
60 1605
60 1654
60 1661
60 1662
60 1664
60 1679
60 1712
60 1720
60 1728
60 1730
60 1752
60 1775
60 1801
60 1818
60 1820
60 1841
60 1896
60 1910
60 1923
60 1925
60 1954
60 1959
60 1961
60 1967
60 1982
60 1990
60 2033
60 2080
60 2084
60 2096
60 2133
60 2147
60 2174
60 2202
60 2208
60 2222
60 2236
60 2272
60 2281
60 2283
60 2349
60 2359
60 2363
60 2364
60 2391
60 2447
60 2448
60 2450
60 2471
60 2473
60 2500
60 2508
60 2515
60 2531
60 2540
60 2543
60 2581
60 2662
60 2673
60 2690
60 2694
60 2731
60 2762
60 2801
60 2811
60 2831
60 2841
60 2855
60 2867
60 2884
60 2891
60 2939
60 2941
60 2954
60 2965
60 2966
60 2968
60 2987
60 2993
60 3035
60 3058
60 3084
60 3102
60 3134
60 3177
60 3193
60 3196
60 3217
60 3263
60 3264
60 3295
60 3336
60 3365
60 3371
60 3391
60 3449
60 3458
60 3476
60 3536
60 3558
60 3598
60 3609
60 3629
60 3677
60 3685
60 3696
60 3718
60 3721
60 3735
60 3776
60 3815
60 3822
60 3841
60 3842
60 3849
60 3886
60 3899
60 3903
60 3928
60 3940
60 4031
60 4062
60 4086
60 4152
60 4165
60 4188
60 4203
60 4205
60 4222
60 4285
60 4293
60 4295
60 4301
60 4325
60 4345
60 4353
60 4367
60 4374
60 4391
60 4410
60 4422
60 4431
60 4619
60 4629
60 4639
60 4645
60 4691
60 4710
60 4722
60 4756
60 4781
60 4809
60 4831
60 4832
60 4850
60 4863
60 4865
60 4887
60 4891
60 4894
60 4907
60 4943
60 4944
60 4960
60 5035
60 5064
60 5088
60 5092
60 5095
60 5102
60 5111
60 5156
60 5160
60 5199
60 5231
60 5237
60 5241
60 5259
60 5275
60 5335
60 5356
60 5442
60 5446
60 5548
60 5564
60 5573
60 5601
60 5633
60 5676
60 5682
60 5716
60 5749
60 5751
60 5783
60 5804
60 5829
60 5831
60 5846
60 5848
60 5860
60 5882
60 5896
60 5902
60 5911
60 5933
60 5934
60 5973
60 6025
60 6026
60 6027
60 6030
60 6071
60 6076
60 6090
60 6100
60 6122
60 6155
60 6183
60 6214
60 6217
60 6218
60 6224
60 6234
60 6256
60 6263
60 6274
60 6299
60 6338
60 6354
60 6364
60 6424
60 6443
60 6454
60 6496
60 6520
60 6584
60 6616
60 6617
60 6630
60 6640
60 6641
60 6678
60 6685
60 6688
60 6767
60 6784
60 6811
60 6825
60 6831
60 6855
60 6858
60 6866
60 6909
60 6911
60 6965
60 6981
60 6995
60 7015
60 7026
60 7078
60 7098
60 7119
60 7142
60 7183
60 7190
60 7228
60 7299
60 7319
60 7362
60 7393
60 7402
60 7426
60 7442
60 7457
60 7473
60 7479
60 7514
60 7584
60 7591
60 7644
60 7645
60 7664
60 7672
60 7709
60 7738
60 7750
60 7754
60 7791
60 7796
60 7810
60 7811
60 7842
60 7863
60 7888
60 7901
60 7916
60 7943
60 7955
60 7981
60 8018
60 8044
60 8054
60 8061
60 8070
60 8079
60 8086
60 8110
60 8162
60 8164
60 8178
60 8189
60 8209
60 8250
60 8255
60 8286
60 8292
60 8304
60 8317
60 8338
60 8345
60 8382
60 8454
60 8459
60 8476
60 8570
60 8594
60 8605
60 8607
60 8625
60 8639
60 8663
60 8717
60 8723
60 8725
60 8733
60 8736
60 8747
60 8758
60 8767
60 8773
60 8775
60 8790
60 8793
60 8800
60 8810
60 8822
60 8862
60 8868
60 8895
60 8919
60 8943
60 8944
60 8977
60 8986
60 8994
60 8997
60 9027
60 9028
60 9056
60 9071
60 9141
60 9142
60 9153
60 9168
60 9308
60 9317
60 9320
60 9326
60 9432
60 9450
60 9460
60 9489
60 9523
60 9534
60 9554
60 9560
60 9585
60 9587
60 9602
60 9605
60 9608
60 9670
60 9679
60 9711
60 9729
60 9746
60 9758
60 9767
60 9779
60 9900
60 9915
60 9930
60 9939
60 9955
60 9991
60 10059
60 10063
60 10084
60 10101
60 10118
60 10125
60 10139
60 10151
60 10174
60 10175
60 10182
60 10212
60 10257
60 10283
60 10291
60 10357
60 10408
60 10427
60 10434
60 10486
60 10509
60 10545
60 10547
60 10585
60 10612
60 10633
60 10652
60 10666
60 10686
60 10705
60 10712
60 10720
60 10730
60 10752
60 10761
60 10812
60 10813
60 10830
60 10834
60 10841
60 10857
60 10861
60 10868
60 10871
60 10883
60 10947
60 10976
60 11012
60 11028
60 11036
60 11038
60 11052
60 11059
60 11088
60 11095
60 11098
60 11101
60 11110
60 11113
60 11124
60 11127
60 11146
60 11179
60 11210
60 11274
60 11276
60 11326
60 11327
60 11328
60 11341
60 11419
60 11433
60 11477
60 11480
60 11519
60 11531
60 11535
60 11551
60 11564
60 11571
60 11597
60 11611
60 11667
60 11724
60 11761
60 11768
60 11789
60 11796
60 11865
60 11876
60 11881
60 11917
60 11924
60 11934
60 11958
60 11969
60 12010
60 12017
60 12022
60 12045
60 12052
60 12058
60 12072
60 12083
60 12099
60 12101
60 12105
60 12106
60 12121
60 12154
60 12165
60 12189
60 12230
60 12245
60 12259
60 12277
60 12292
60 12300
60 12416
60 12455
60 12484
60 12563
60 12573
60 12661
60 12688
60 12712
60 12731
60 12734
60 12735
60 12780
60 12792
60 12793
60 12798
60 12806
60 12856
60 12868
60 12878
60 12882
60 12906
60 12915
60 12946
60 12967
60 12982
60 13010
60 13023
60 13024
60 13059
60 13065
60 13086
60 13096
60 13098
60 13127
60 13190
60 13192
60 13197
60 13253
60 13260
60 13263
60 13266
60 13321
60 13340
60 13388
60 13417
60 13419
60 13480
60 13506
60 13512
60 13528
60 13542
60 13555
60 13632
60 13653
60 13663
60 13720
60 13725
60 13733
60 13738
60 13741
60 13810
60 13822
60 13825
60 13852
60 13887
60 13888
60 13940
60 13988
60 14007
60 14017
60 14020
60 14029
60 14036
60 14040
60 14050
60 14059
60 14079
60 14087
60 14101
60 14122
60 14123
60 14130
60 14150
60 14155
60 14157
60 14164
60 14233
60 14275
60 14304
60 14310
60 14311
60 14315
60 14340
60 14358
60 14407
60 14408
60 14425
60 14517
60 14551
60 14552
60 14577
60 14625
60 14631
60 14650
60 14664
60 14665
60 14666
60 14667
60 14701
60 14729
60 14744
60 14748
60 14776
60 14780
60 14781
60 14782
60 14785
60 14819
60 14852
60 14873
60 14878
60 14902
60 14931
60 14933
60 14943
60 14944
60 14948
60 15014
60 15019
60 15114
60 15118
60 15155
60 15169
60 15283
60 15295
60 15319
60 15325
60 15335
60 15339
60 15348
60 15363
60 15389
60 15426
60 15444
60 15458
60 15467
60 15492
60 15552
60 15570
60 15580
60 15581
60 15609
60 15622
60 15626
60 15636
60 15665
60 15767
60 15783
60 15790
60 15792
60 15796
60 15813
60 15840
60 15846
60 15886
60 15888
60 15895
60 15931
60 15961
60 15964
60 15982
60 16012
60 16014
60 16022
60 16025
60 16064
60 16065
60 16071
60 16072
60 16076
60 16140
60 16155
60 16171
60 16181
60 16188
60 16284
60 16337
60 16353
60 16354
60 16358
60 16364
60 16417
60 16451
60 16497
60 16543
60 16549
60 16555
60 16570
60 16588
60 16631
60 16658
60 16673
60 16726
60 16794
60 16819
60 16852
60 16900
60 16908
60 16922
60 16929
60 16941
60 16972
60 16999
60 17014
60 17043
60 17059
60 17065
60 17089
60 17094
60 17108
60 17145
60 17161
60 17197
60 17211
60 17215
60 17240
60 17273
60 17326
60 17338
60 17353
60 17355
60 17357
60 17374
60 17375
60 17394
60 17395
60 17414
60 17415
60 17417
60 17421
60 17430
60 17484
60 17487
60 17495
60 17516
60 17535
60 17557
60 17567
60 17653
60 17657
60 17695
60 17698
60 17713
60 17716
60 17758
60 17878
60 17896
60 17909
60 17921
60 17937
60 17954
60 17980
60 18069
60 18073
60 18103
60 18105
60 18142
60 18209
60 18215
60 18229
60 18249
60 18295
60 18303
60 18310
60 18316
60 18431
60 18436
60 18449
60 18475
60 18476
60 18490
60 18496
60 18508
60 18562
60 18567
60 18587
60 18595
60 18638
60 18678
60 18730
60 18828
60 18840
60 18844
60 18857
60 18864
60 18865
60 18879
60 18892
60 18907
60 18936
60 18952
60 18960
60 18981
60 19000
60 19001
60 19008
60 19009
60 19012
60 19034
60 19036
60 19063
60 19073
60 19129
60 19140
60 19159
60 19168
60 19206
60 19236
60 19254
60 19268
60 19300
60 19335
60 19347
60 19352
60 19402
60 19404
60 19427
60 19447
60 19455
60 19467
60 19482
60 19486
60 19507
60 19512
60 19513
60 19587
60 19608
60 19611
60 19618
60 19628
60 19655
60 19699
60 19721
60 19738
60 19747
60 19751
60 19759
60 19795
60 19801
60 19810
60 19824
60 19837
60 19892
60 19915
60 19937
60 19950
60 19951
60 19961
60 19968
60 19982
60 19997
60 20020
60 20027
60 20038
60 20039
60 20063
60 20068
60 20070
60 20079
60 20132
60 20137
60 20138
60 20164
60 20165
60 20169
60 20183
60 20203
60 20231
60 20281
60 20313
60 20322
60 20349
60 20354
60 20367
60 20380
60 20382
60 20408
60 20452
60 20455
60 20458
60 20461
60 20542
60 20556
60 20569
60 20595
60 20613
60 20634
60 20635
60 20656
60 20683
60 20690
60 20705
60 20781
60 20792
60 20817
60 20828
60 20898
60 20899
60 20903
60 20921
60 20922
60 20929
60 20942
60 20954
60 20992
60 21001
60 21039
60 21084
60 21099
60 21105
60 21111
60 21141
60 21155
60 21161
60 21169
60 21175
60 21203
60 21210
60 21211
60 21217
60 21227
60 21238
60 21244
60 21265
60 21273
60 21306
60 21310
60 21317
60 21331
60 21381
60 21410
60 21430
60 21530
60 21545
60 21553
60 21561
60 21563
60 21569
60 21580
60 21614
60 21643
60 21657
60 21683
60 21689
60 21704
60 21712
60 21719
60 21767
60 21775
60 21802
60 21842
60 21853
60 21887
60 21892
60 21894
60 21895
60 21897
60 21917
60 21919
60 21924
60 21931
60 21991
60 22015
60 22020
60 22030
60 22038
60 22049
60 22053
60 22110
60 22124
60 22142
60 22228
60 22230
60 22247
60 22283
60 22300
60 22310
60 22334
60 22335
60 22352
60 22356
60 22363
60 22373
60 22392
60 22395
60 22401
60 22409
60 22423
60 22448
60 22494
60 22514
60 22562
60 22588
60 22590
60 22592
60 22633
60 22644
60 22664
60 22672
60 22673
60 22677
60 22705
60 22723
60 22771
60 22784
60 22793
60 22828
60 22829
60 22841
60 22847
60 22859
60 22863
60 22871
60 22919
60 22922
60 23116
60 23121
60 23132
60 23142
60 23143
60 23153
60 23162
60 23175
60 23240
60 23259
60 23265
60 23284
60 23327
60 23333
60 23346
60 23371
60 23372
60 23427
60 23434
60 23444
60 23464
60 23468
60 23476
60 23478
60 23481
60 23484
60 23501
60 23528
60 23554
60 23566
60 23572
60 23608
60 23628
60 23634
60 23650
60 23671
60 23720
60 23741
60 23754
60 23809
60 23826
60 23870
60 23910
60 23925
60 23926
60 23934
60 23955
60 23981
60 24047
60 24079
60 24085
60 24111
60 24118
60 24126
60 24154
60 24179
60 24180
60 24205
60 24211
60 24214
60 24224
60 24239
60 24253
60 24265
60 24274
60 24291
60 24292
60 24328
60 24338
60 24354
60 24356
60 24376
60 24391
60 24424
60 24471
60 24480
60 24485
60 24490
60 24492
60 24504
60 24524
60 24538
60 24551
60 24567
60 24569
60 24594
60 24595
60 24726
60 24740
60 24777
60 24784
60 24789
60 24810
60 24823
60 24833
60 24834
60 24848
60 24849
60 24940
60 25021
60 25039
60 25069
60 25098
60 25139
60 25156
60 25169
60 25183
60 25188
60 25224
60 25259
60 25311
60 25327
60 25342
60 25347
60 25367
60 25385
60 25394
60 25412
60 25438
60 25478
60 25494
60 25546
60 25550
60 25588
60 25611
60 25632
60 25645
60 25665
60 25675
60 25738
60 25808
60 25826
60 25857
60 25905
60 25921
60 25933
60 25952
60 25973
60 25988
60 26002
60 26007
60 26047
60 26080
60 26115
60 26118
60 26132
60 26160
60 26215
60 26219
60 26236
60 26252
60 26290
60 26296
60 26367
60 26418
60 26480
60 26507
60 26515
60 26523
60 26539
60 26559
60 26561
60 26566
60 26579
60 26585
60 26591
60 26628
60 26635
60 26642
60 26662
60 26664
60 26689
60 26698
60 26711
60 26766
60 26806
60 26827
60 26842
60 26850
60 26879
60 26893
60 26929
60 26942
60 26965
60 26972
60 27020
60 27023
60 27029
60 27045
60 27051
60 27062
60 27088
60 27131
60 27181
60 27223
60 27226
60 27230
60 27288
60 27298
60 27325
60 27366
60 27378
60 27388
60 27394
60 27408
60 27444
60 27453
60 27458
60 27486
60 27515
60 27539
60 27544
60 27572
60 27578
60 27580
60 27603
60 27613
60 27633
60 27634
60 27639
60 27640
60 27644
60 27648
60 27654
60 27714
60 27726
60 27776
60 27794
60 27803
60 27810
60 27820
60 27831
60 27836
60 27889
60 27890
60 27925
60 27931
60 27933
60 27977
60 28025
60 28028
60 28060
60 28078
60 28093
60 28129
60 28130
60 28140
60 28148
60 28173
60 28189
60 28202
60 28224
60 28271
60 28273
60 28296
60 28310
60 28338
60 28339
60 28354
60 28364
60 28365
60 28383
60 28408
60 28430
60 28436
60 28456
60 28463
60 28469
60 28474
60 28505
60 28534
60 28552
60 28553
60 28570
60 28587
60 28598
60 28608
60 28654
60 28705
60 28707
60 28731
60 28748
60 28761
60 28818
60 28883
60 28903
60 28917
60 28943
60 28957
60 29003
60 29005
60 29012
60 29016
60 29018
60 29085
60 29092
60 29095
60 29119
60 29153
60 29161
60 29168
60 29196
60 29219
60 29271
60 29279
60 29286
60 29288
60 29295
60 29321
60 29322
60 29325
60 29352
60 29376
60 29414
60 29485
60 29487
60 29515
60 29553
60 29569
60 29584
60 29585
60 29604
60 29626
60 29656
60 29663
60 29709
60 29713
60 29787
60 29797
60 29825
60 29890
60 29924
60 29955
60 29969
60 30003
60 30061
60 30113
60 30124
60 30151
60 30168
60 30193
60 30195
60 30211
60 30259
60 30306
60 30373
60 30411
60 30415
60 30424
60 30439
60 30440
60 30461
60 30472
60 30491
60 30538
60 30576
60 30585
60 30593
60 30634
60 30655
60 30656
60 30658
60 30659
60 30669
60 30702
60 30753
60 30755
60 30770
60 30785
60 30819
60 30851
60 30855
60 30877
60 30892
60 30897
60 30910
60 30911
60 30917
60 30932
60 30936
60 31026
60 31031
60 31035
60 31036
60 31042
60 31046
60 31086
60 31089
60 31166
60 31174
60 31216
60 31220
60 31260
60 31288
60 31294
60 31300
60 31303
60 31335
60 31350
60 31386
60 31401
60 31464
60 31481
60 31492
60 31501
60 31513
60 31528
60 31536
60 31537
60 31552
60 31582
60 31621
60 31638
60 31663
60 31664
60 31673
60 31723
60 31745
60 31750
60 31766
60 31778
60 31801
60 31840
60 31842
60 31994
60 32059
60 32080
60 32087
60 32155
60 32185
60 32191
60 32214
60 32253
60 32256
60 32277
60 32292
60 32319
60 32342
60 32358
60 32373
60 32406
60 32409
60 32438
60 32443
60 32445
60 32461
60 32464
60 32559
60 32596
60 32641
60 32645
60 32680
60 32709
60 32772
60 32811
60 32866
60 32870
60 32882
60 32884
60 32955
60 33019
60 33038
60 33089
60 33097
60 33106
60 33150
60 33195
60 33198
60 33207
60 33240
60 33242
60 33255
60 33281
60 33290
60 33300
60 33301
60 33336
60 33371
60 33451
60 33495
60 33504
60 33528
60 33555
60 33579
60 33596
60 33613
60 33617
60 33700
60 33722
60 33731
60 33748
60 33758
60 33761
60 33774
60 33964
60 33974
60 33978
60 33979
60 33998
60 34022
60 34027
60 34042
60 34075
60 34132
60 34186
60 34188
60 34199
60 34244
60 34283
60 34332
60 34363
60 34367
60 34375
60 34405
60 34430
60 34438
60 34440
60 34471
60 34478
60 34487
60 34495
60 34582
60 34603
60 34635
60 34642
60 34646
60 34657
60 34669
60 34675
60 34687
60 34700
60 34723
60 34729
60 34737
60 34865
60 34920
60 34956
60 34973
60 34976
60 34991
60 35004
60 35025
60 35100
60 35103
60 35116
60 35145
60 35149
60 35176
60 35210
60 35214
60 35286
60 35299
60 35313
60 35325
60 35340
60 35407
60 35420
60 35456
60 35470
60 35475
60 35485
60 35496
60 35516
60 35569
60 35584
60 35590
60 35655
60 35662
60 35682
60 35707
60 35720
60 35737
60 35828
60 35865
60 35937
60 35939
60 35952
60 35958
60 35972
60 35991
60 35998
60 36033
60 36049
60 36057
60 36062
60 36071
60 36093
60 36098
60 36157
60 36169
60 36266
60 36287
60 36340
60 36372
60 36391
60 36409
60 36410
60 36412
60 36421
60 36422
60 36441
60 36448
60 36457
60 36499
60 36548
60 36631
60 36680
60 36681
60 36698
60 36706
60 36726
60 36739
60 36744
60 36768
60 36845
60 36854
60 36885
60 36897
60 36906
60 36956
60 36963
60 36989
60 37009
60 37011
60 37047
60 37048
60 37066
60 37101
60 37115
60 37130
60 37132
60 37150
60 37181
60 37196
60 37207
60 37221
60 37233
60 37299
60 37313
60 37326
60 37352
60 37393
60 37445
60 37470
60 37506
60 37528
60 37595
60 37627
60 37633
60 37663
60 37686
60 37731
60 37739
60 37760
60 37772
60 37776
60 37831
60 37834
60 37842
60 37888
60 37901
60 37926
60 37940
60 37979
60 37980
60 38001
60 38021
60 38029
60 38081
60 38087
60 38106
60 38112
60 38126
60 38138
60 38169
60 38187
60 38193
60 38204
60 38209
60 38221
60 38255
60 38256
60 38282
60 38312
60 38338
60 38340
60 38342
60 38389
60 38403
60 38410
60 38497
60 38524
60 38530
60 38553
60 38628
60 38646
60 38737
60 38781
60 38803
60 38806
60 38858
60 38865
60 38882
60 38887
60 38913
60 38935
60 38945
60 38963
60 39025
60 39038
60 39080
60 39143
60 39151
60 39157
60 39165
60 39182
60 39223
60 39244
60 39249
60 39302
60 39311
60 39339
60 39358
60 39360
60 39373
60 39377
60 39387
60 39435
60 39456
60 39472
60 39480
60 39482
60 39493
60 39512
60 39534
60 39547
60 39640
60 39644
60 39660
60 39662
60 39673
60 39701
60 39730
60 39733
60 39749
60 39759
60 39789
60 39799
60 39806
60 39837
60 39869
60 39878
60 39902
60 39922
60 39927
60 39941
60 39945
60 39996
60 40007
60 40009
60 40057
60 40078
60 40108
60 40117
60 40121
60 40126
60 40153
60 40216
60 40220
60 40229
60 40399
60 40424
60 40509
60 40550
60 40560
60 40579
60 40583
60 40604
60 40624
60 40671
60 40683
60 40688
60 40700
60 40716
60 40722
60 40768
60 40786
60 40799
60 40820
60 40825
60 40848
60 40866
60 40938
60 40944
60 41004
60 41049
60 41065
60 41077
60 41080
60 41086
60 41102
60 41117
60 41125
60 41129
60 41179
60 41180
60 41182
60 41186
60 41214
60 41215
60 41234
60 41274
60 41276
60 41286
60 41297
60 41310
60 41315
60 41334
60 41523
60 41531
60 41535
60 41539
60 41599
60 41617
60 41626
60 41700
60 41707
60 41720
60 41722
60 41736
60 41740
60 41753
60 41768
60 41770
60 41779
60 41809
60 41864
60 41877
60 41915
60 41930
60 41972
60 41988
60 42020
60 42106
60 42119
60 42123
60 42169
60 42198
60 42200
60 42202
60 42206
60 42219
60 42248
60 42254
60 42257
60 42299
60 42355
60 42362
60 42384
60 42386
60 42412
60 42417
60 42419
60 42421
60 42442
60 42450
60 42563
60 42634
60 42661
60 42682
60 42705
60 42712
60 42726
60 42746
60 42780
60 42789
60 42797
60 42805
60 42816
60 42843
60 42860
60 42862
60 42893
60 42914
60 42923
60 42951
60 42962
60 42980
60 43026
60 43080
60 43107
60 43116
60 43126
60 43127
60 43206
60 43212
60 43216
60 43221
60 43235
60 43237
60 43268
60 43273
60 43275
60 43277
60 43299
60 43324
60 43337
60 43341
60 43352
60 43356
60 43359
60 43362
60 43370
60 43373
60 43374
60 43406
60 43415
60 43421
60 43441
60 43495
60 43512
60 43563
60 43568
60 43593
60 43618
60 43623
60 43637
60 43644
60 43668
60 43699
60 43707
60 43710
60 43718
60 43722
60 43783
60 43824
60 43836
60 43856
60 43857
60 43878
60 43929
60 43971
60 43989
60 44017
60 44036
60 44070
60 44103
60 44112
60 44176
60 44198
60 44209
60 44229
60 44245
60 44263
60 44332
60 44382
60 44421
60 44472
60 44493
60 44510
60 44575
60 44579
60 44586
60 44590
60 44619
60 44622
60 44628
60 44639
60 44651
60 44702
60 44716
60 44733
60 44772
60 44790
60 44880
60 44908
60 44947
60 45049
60 45057
60 45079
60 45108
60 45138
60 45139
60 45152
60 45170
60 45175
60 45203
60 45212
60 45275
60 45289
60 45299
60 45334
60 45348
60 45413
60 45446
60 45451
60 45455
60 45464
60 45502
60 45511
60 45549
60 45554
60 45591
60 45599
60 45609
60 45639
60 45651
60 45666
60 45703
60 45705
60 45716
60 45728
60 45738
60 45747
60 45792
60 45809
60 45822
60 45826
60 45836
60 45858
60 45866
60 45892
60 45972
60 45983
60 46021
60 46037
60 46123
60 46137
60 46165
60 46189
60 46210
60 46232
60 46237
60 46254
60 46278
60 46316
60 46354
60 46362
60 46380
60 46407
60 46435
60 46452
60 46525
60 46537
60 46568
60 46588
60 46712
60 46735
60 46761
60 46763
60 46797
60 46856
60 46897
60 46921
60 46951
60 46956
60 47033
60 47047
60 47074
60 47095
60 47096
60 47105
60 47114
60 47176
60 47224
60 47332
60 47352
60 47368
60 47385
60 47399
60 47435
60 47443
60 47453
60 47455
60 47465
60 47507
60 47527
60 47535
60 47569
60 47630
60 47631
60 47649
60 47667
60 47668
60 47695
60 47696
60 47701
60 47724
60 47730
60 47731
60 47742
60 47777
60 47784
60 47814
60 47853
60 47863
60 47897
60 47917
60 47941
60 47948
60 47952
60 47956
60 47980
60 48003
60 48032
60 48077
60 48103
60 48126
60 48142
60 48164
60 48227
60 48239
60 48257
60 48310
60 48316
60 48319
60 48377
60 48381
60 48388
60 48429
60 48441
60 48528
60 48583
60 48633
60 48735
60 48807
60 48821
60 48825
60 48828
60 48830
60 48928
60 48955
60 48970
60 48992
60 48998
60 49098
60 49134
60 49142
60 49172
60 49183
60 49195
60 49196
60 49207
60 49252
60 49294
60 49366
60 49389
60 49424
60 49472
60 49481
60 49492
60 49527
60 49570
60 49571
60 49584
60 49598
60 49599
60 49682
60 49695
60 49779
60 49798
60 49807
60 49809
60 49822
60 49825
60 49897
60 49907
60 49934
60 49945
60 49947
60 49955
60 49972
60 49974
60 50023
60 50045
60 50067
60 50110
60 50133
60 50164
60 50173
60 50206
60 50210
60 50212
60 50229
60 50244
60 50297
60 50304
60 50319
60 50333
60 50341
60 50357
60 50385
60 50399
60 50457
60 50475
60 50487
60 50528
60 50602
60 50621
60 50629
60 50680
60 50692
60 50707
60 50736
60 50765
60 50787
60 50797
60 50808
60 50827
60 50871
60 50892
60 50962
60 50986
60 50987
60 51008
60 51025
60 51035
60 51057
60 51092
60 51124
60 51151
60 51203
60 51217
60 51226
60 51273
60 51293
60 51342
60 51399
60 51410
60 51418
60 51458
60 51469
60 51521
60 51524
60 51528
60 51530
60 51574
60 51637
60 51660
60 51671
60 51683
60 51714
60 51814
60 51832
60 51860
60 51883
60 51915
60 51945
60 51958
60 51962
60 51968
60 51972
60 51977
60 52020
60 52053
60 52074
60 52159
60 52165
60 52181
60 52182
60 52201
60 52203
60 52212
60 52315
60 52346
60 52353
60 52357
60 52372
60 52409
60 52418
60 52444
60 52483
60 52493
60 52515
60 52530
60 52535
60 52563
60 52564
60 52576
60 52613
60 52634
60 52637
60 52647
60 52660
60 52664
60 52666
60 52705
60 52715
60 52735
60 52787
60 52804
60 52822
60 52850
60 52888
60 52889
60 52901
60 52902
60 52907
60 52918
60 52932
60 52944
60 52973
60 52981
60 52997
60 53017
60 53027
60 53050
60 53053
60 53071
60 53076
60 53137
60 53156
60 53173
60 53180
60 53187
60 53210
60 53216
60 53219
60 53234
60 53238
60 53289
60 53293
60 53342
60 53351
60 53365
60 53429
60 53450
60 53459
60 53481
60 53489
60 53506
60 53588
60 53604
60 53616
60 53631
60 53632
60 53644
60 53652
60 53658
60 53668
60 53685
60 53697
60 53698
60 53767
60 53770
60 53777
60 53779
60 53795
60 53802
60 53849
60 53861
60 53875
60 53905
60 53915
60 53950
60 53990
60 54005
60 54028
60 54034
60 54075
60 54131
60 54157
60 54167
60 54179
60 54184
60 54202
60 54267
60 54277
60 54297
60 54300
60 54311
60 54321
60 54352
60 54354
60 54405
60 54411
60 54414
60 54472
60 54541
60 54550
60 54572
60 54577
60 54619
60 54631
60 54643
60 54649
60 54676
60 54684
60 54686
60 54710
60 54713
60 54726
60 54745
60 54756
60 54780
60 54789
60 54793
60 54826
60 54851
60 54866
60 54870
60 54888
60 54950
60 54951
60 55026
60 55032
60 55052
60 55089
60 55104
60 55130
60 55136
60 55141
60 55154
60 55202
60 55208
60 55245
60 55249
60 55255
60 55326
60 55346
60 55353
60 55364
60 55381
60 55415
60 55492
60 55493
60 55507
60 55510
60 55531
60 55538
60 55549
60 55580
60 55611
60 55695
60 55710
60 55729
60 55787
60 55789
60 55805
60 55826
60 55831
60 55846
60 55859
60 55870
60 55889
60 55916
60 55979
60 55983
60 56004
60 56005
60 56006
60 56016
60 56036
60 56065
60 56082
60 56122
60 56123
60 56129
60 56134
60 56138
60 56140
60 56158
60 56181
60 56223
60 56228
60 56237
60 56265
60 56294
60 56403
60 56443
60 56455
60 56457
60 56575
60 56635
60 56667
60 56683
60 56684
60 56689
60 56731
60 56764
60 56795
60 56833
60 56844
60 56855
60 56867
60 56881
60 56883
60 56929
60 56944
60 56952
60 56958
60 57008
60 57027
60 57039
60 57050
60 57059
60 57065
60 57092
60 57105
60 57142
60 57174
60 57175
60 57196
60 57212
60 57263
60 57301
60 57347
60 57352
60 57362
60 57395
60 57433
60 57434
60 57441
60 57448
60 57460
60 57511
60 57525
60 57599
60 57602
60 57671
60 57680
60 57694
60 57705
60 57706
60 57761
60 57816
60 57826
60 57902
60 57937
60 57955
60 57960
60 57977
60 57986
60 58010
60 58015
60 58019
60 58039
60 58059
60 58069
60 58073
60 58090
60 58124
60 58155
60 58166
60 58206
60 58217
60 58219
60 58249
60 58278
60 58279
60 58288
60 58309
60 58350
60 58360
60 58368
60 58402
60 58471
60 58480
60 58498
60 58536
60 58542
60 58591
60 58630
60 58651
60 58671
60 58684
60 58707
60 58717
60 58718
60 58719
60 58739
60 58764
60 58770
60 58774
60 58794
60 58803
60 58826
60 58827
60 58869
60 58911
60 58916
60 58926
60 58942
60 58969
60 58992
60 59001
60 59035
60 59041
60 59046
60 59085
60 59093
60 59104
60 59145
60 59153
60 59178
60 59193
60 59207
60 59232
60 59293
60 59297
60 59324
60 59358
60 59430
60 59482
60 59486
60 59549
60 59615
60 59637
60 59648
60 59655
60 59678
60 59685
60 59687
60 59709
60 59729
60 59737
60 59747
60 59752
60 59779
60 59796
60 59874
60 59879
60 59883
60 59894
60 59907
60 59909
60 59932
60 59936
60 59938
60 59994
60 59995
60 60021
60 60023
60 60026
60 60036
60 60044
60 60052
60 60069
60 60076
60 60088
60 60120
60 60122
60 60126
60 60152
60 60162
60 60165
60 60187
60 60226
60 60262
60 60279
60 60290
60 60313
60 60321
60 60326
60 60357
60 60362
60 60368
60 60370
60 60372
60 60384
60 60395
60 60402
60 60405
60 60419
60 60471
60 60484
60 60489
60 60539
60 60541
60 60568
60 60569
60 60579
60 60642
60 60658
60 60673
60 60736
60 60740
60 60765
60 60768
60 60771
60 60784
60 60785
60 60786
60 60791
60 60799
60 60829
60 60831
60 60834
60 60890
60 60912
60 60917
60 60946
60 60991
60 61067
60 61070
60 61082
60 61106
60 61141
60 61148
60 61166
60 61173
60 61188
60 61211
60 61250
60 61251
60 61254
60 61260
60 61284
60 61298
60 61299
60 61304
60 61335
60 61337
60 61349
60 61426
60 61499
60 61508
60 61571
60 61645
60 61651
60 61670
60 61685
60 61721
60 61739
60 61757
60 61778
60 61817
60 61818
60 61826
60 61862
60 61939
60 61944
60 61953
60 61978
60 62023
60 62028
60 62043
60 62044
60 62045
60 62111
60 62123
60 62124
60 62157
60 62179
60 62183
60 62198
60 62224
60 62265
60 62307
60 62332
60 62338
60 62346
60 62354
60 62359
60 62372
60 62421
60 62439
60 62445
60 62463
60 62464
60 62471
60 62476
60 62522
60 62546
60 62583
60 62603
60 62604
60 62607
60 62632
60 62642
60 62666
60 62671
60 62696
60 62758
60 62813
60 62833
60 62844
60 62872
60 62889
60 62897
60 62899
60 62915
60 62919
60 62941
60 62944
60 62992
60 63014
60 63016
60 63027
60 63076
60 63079
60 63102
60 63121
60 63132
60 63158
60 63186
60 63199
60 63202
60 63207
60 63214
60 63216
60 63231
60 63266
60 63309
60 63373
60 63426
60 63458
60 63470
60 63478
60 63499
60 63502
60 63545
60 63577
60 63583
60 63609
60 63613
60 63614
60 63624
60 63628
60 63629
60 63678
60 63695
60 63713
60 63714
60 63730
60 63772
60 63810
60 63813
60 63841
60 63854
60 63859
60 63896
60 63925
60 63951
60 63957
60 63960
60 64007
60 64016
60 64034
60 64040
60 64072
60 64092
60 64103
60 64107
60 64121
60 64132
60 64142
60 64159
60 64172
60 64173
60 64214
60 64245
60 64251
60 64261
60 64262
60 64289
60 64294
60 64323
60 64328
60 64352
60 64368
60 64403
60 64405
60 64430
60 64435
60 64438
60 64446
60 64450
60 64460
60 64467
60 64469
60 64550
60 64554
60 64613
60 64635
60 64666
60 64706
60 64766
60 64798
60 64803
60 64894
60 64908
60 64921
60 64930
60 64950
60 64952
60 64957
60 64971
60 64975
60 64991
60 64997
60 65004
60 65034
60 65049
60 65054
60 65094
60 65110
60 65123
60 65159
60 65168
60 65182
60 65203
60 65217
60 65235
60 65237
60 65238
60 65242
60 65251
60 65321
60 65341
60 65394
60 65407
60 65434
60 65444
60 65484
60 65488
60 65496
60 65525
60 65530
60 65545
60 65550
60 65566
60 65577
60 65608
60 65622
60 65639
60 65647
60 65671
60 65681
60 65692
60 65699
60 65720
60 65736
60 65743
60 65755
60 65770
60 65826
60 65847
60 65853
60 65861
60 65875
60 65887
60 65898
60 65944
60 65955
60 65967
60 65997
60 66047
60 66075
60 66103
60 66104
60 66133
60 66141
60 66155
60 66257
60 66308
60 66326
60 66327
60 66347
60 66356
60 66359
60 66370
60 66397
60 66423
60 66430
60 66444
60 66460
60 66478
60 66489
60 66536
60 66544
60 66550
60 66568
60 66573
60 66591
60 66594
60 66605
60 66697
60 66720
60 66733
60 66754
60 66827
60 66833
60 66835
60 66840
60 66897
60 66930
60 66947
60 66992
60 67010
60 67027
60 67038
60 67040
60 67051
60 67061
60 67078
60 67091
60 67092
60 67111
60 67180
60 67203
60 67217
60 67227
60 67251
60 67281
60 67282
60 67289
60 67335
60 67338
60 67418
60 67487
60 67504
60 67505
60 67517
60 67523
60 67546
60 67570
60 67577
60 67584
60 67588
60 67605
60 67637
60 67680
60 67694
60 67700
60 67768
60 67779
60 67835
60 67844
60 67864
60 67882
60 67923
60 68006
60 68019
60 68043
60 68089
60 68092
60 68098
60 68133
60 68152
60 68156
60 68166
60 68177
60 68194
60 68200
60 68224
60 68225
60 68271
60 68272
60 68321
60 68350
60 68361
60 68383
60 68385
60 68391
60 68414
60 68434
60 68456
60 68465
60 68502
60 68506
60 68510
60 68515
60 68520
60 68530
60 68538
60 68547
60 68578
60 68607
60 68614
60 68656
60 68658
60 68702
60 68715
60 68716
60 68731
60 68753
60 68760
60 68849
60 68876
60 68932
60 68958
60 68974
60 68988
60 68996
60 69035
60 69049
60 69060
60 69120
60 69123
60 69134
60 69158
60 69160
60 69165
60 69174
60 69189
60 69205
60 69206
60 69219
60 69226
60 69238
60 69271
60 69277
60 69280
60 69344
60 69357
60 69359
60 69362
60 69388
60 69433
60 69445
60 69447
60 69456
60 69464
60 69476
60 69482
60 69494
60 69499
60 69510
60 69521
60 69528
60 69529
60 69537
60 69552
60 69576
60 69593
60 69651
60 69673
60 69684
60 69695
60 69742
60 69792
60 69873
60 69889
60 69946
60 69953
60 69960
60 69977
60 69982
60 70000
60 70025
60 70042
60 70048
60 70104
60 70110
60 70162
60 70165
60 70175
60 70184
60 70186
60 70191
60 70230
60 70231
60 70267
60 70303
60 70333
60 70344
60 70357
60 70365
60 70409
60 70436
60 70484
60 70501
60 70507
60 70524
60 70543
60 70545
60 70552
60 70554
60 70650
60 70685
60 70700
60 70710
60 70725
60 70746
60 70760
60 70796
60 70824
60 70838
60 70850
60 70874
60 70882
60 70904
60 70914
60 71001
60 71024
60 71028
60 71037
60 71081
60 71093
60 71104
60 71155
60 71185
60 71205
60 71226
60 71252
60 71269
60 71297
60 71314
60 71320
60 71321
60 71329
60 71334
60 71339
60 71344
60 71357
60 71365
60 71408
60 71454
60 71457
60 71461
60 71467
60 71519
60 71523
60 71566
60 71571
60 71625
60 71735
60 71740
60 71744
60 71804
60 71821
60 71825
60 71831
60 71835
60 71839
60 71850
60 71875
60 71878
60 71883
60 71906
60 71920
60 71926
60 71933
60 71941
60 71957
60 72010
60 72036
60 72103
60 72159
60 72175
60 72188
60 72226
60 72235
60 72237
60 72286
60 72301
60 72302
60 72367
60 72380
60 72382
60 72383
60 72387
60 72425
60 72437
60 72449
60 72461
60 72505
60 72513
60 72517
60 72527
60 72533
60 72544
60 72556
60 72568
60 72573
60 72605
60 72637
60 72638
60 72659
60 72663
60 72705
60 72739
60 72746
60 72762
60 72794
60 72797
60 72928
60 72964
60 72980
60 72986
60 72997
60 73020
60 73023
60 73044
60 73045
60 73065
60 73072
60 73111
60 73114
60 73118
60 73144
60 73203
60 73240
60 73275
60 73282
60 73339
60 73344
60 73394
60 73399
60 73416
60 73421
60 73464
60 73479
60 73483
60 73490
60 73521
60 73527
60 73528
60 73560
60 73577
60 73586
60 73616
60 73644
60 73655
60 73665
60 73703
60 73721
60 73732
60 73736
60 73741
60 73749
60 73797
60 73894
60 73915
60 73918
60 73937
60 73962
60 73964
60 74000
60 74056
60 74071
60 74120
60 74166
60 74175
60 74221
60 74229
60 74299
60 74352
60 74369
60 74427
60 74454
60 74455
60 74499
60 74504
60 74522
60 74524
60 74527
60 74531
60 74590
60 74623
60 74636
60 74685
60 74698
60 74713
60 74758
60 74785
60 74862
60 74864
60 74951
60 74975
60 74976
60 75001
60 75024
60 75032
60 75037
60 75045
60 75061
60 75068
60 75111
60 75118
60 75125
60 75141
60 75151
60 75166
60 75301
60 75314
60 75349
60 75353
60 75358
60 75359
60 75385
60 75393
60 75395
60 75403
60 75405
60 75442
60 75514
60 75561
60 75565
60 75596
60 75597
60 75611
60 75664
60 75680
60 75705
60 75708
60 75784
60 75802
60 75808
60 75824
60 75868
60 75902
60 75921
60 75929
60 75940
60 75942
60 76004
60 76119
60 76136
60 76157
60 76239
60 76268
60 76336
60 76368
60 76380
60 76428
60 76475
60 76541
60 76581
60 76599
60 76658
60 76685
60 76691
60 76717
60 76774
60 76786
60 76846
60 76876
60 76883
60 76901
60 76913
60 76933
60 76947
60 76983
60 77028
60 77034
60 77035
60 77105
60 77120
60 77148
60 77183
60 77187
60 77208
60 77213
60 77237
60 77285
60 77291
60 77302
60 77356
60 77425
60 77428
60 77441
60 77445
60 77452
60 77456
60 77495
60 77509
60 77512
60 77545
60 77551
60 77564
60 77605
60 77623
60 77628
60 77647
60 77734
60 77766
60 77785
60 77790
60 77889
60 77932
60 77974
60 77981
60 77993
60 78027
60 78036
60 78051
60 78065
60 78090
60 78125
60 78129
60 78135
60 78143
60 78158
60 78175
60 78203
60 78244
60 78260
60 78312
60 78315
60 78331
60 78348
60 78359
60 78364
60 78382
60 78389
60 78399
60 78414
60 78453
60 78457
60 78466
60 78474
60 78483
60 78567
60 78579
60 78589
60 78603
60 78690
60 78701
60 78703
60 78704
60 78714
60 78744
60 78756
60 78816
60 78826
60 78914
60 78942
60 79001
60 79002
60 79033
60 79060
60 79064
60 79124
60 79138
60 79144
60 79158
60 79188
60 79223
60 79246
60 79258
60 79297
60 79302
60 79334
60 79384
60 79394
60 79397
60 79406
60 79419
60 79420
60 79422
60 79481
60 79505
60 79525
60 79526
60 79548
60 79580
60 79651
60 79654
60 79666
60 79671
60 79704
60 79726
60 79749
60 79840
60 79874
60 79883
60 79888
60 79903
60 79904
60 79914
60 79930
60 79942
60 79955
60 80000
60 80031
60 80036
60 80071
60 80112
60 80149
60 80155
60 80174
60 80280
60 80317
60 80396
60 80431
60 80461
60 80490
60 80607
60 80622
60 80649
60 80656
60 80708
60 80718
60 80731
60 80743
60 80752
60 80799
60 80812
60 80819
60 80857
60 80876
60 80892
60 80904
60 80912
60 80918
60 80937
60 80954
60 80958
60 80961
60 80972
60 80978
60 81015
60 81026
60 81027
60 81029
60 81053
60 81078
60 81102
60 81107
60 81669
60 81802
60 81846
60 81915
60 81952
60 81981
60 81995
60 82064
60 82082
60 82092
60 82117
60 82145
60 82192
60 82197
60 82244
60 82268
60 82341
60 82384
60 82389
60 82402
60 82407
60 82416
60 82425
60 82431
60 82520
60 82535
60 82552
60 82565
60 82586
60 82589
60 82627
60 82649
60 82682
60 82753
60 82758
60 82799
60 82812
60 82847
60 82862
60 82878
60 82907
60 82912
60 82918
60 82938
60 82978
60 82985
60 83047
60 83112
60 83142
60 83176
60 83180
60 83218
60 83243
60 83246
60 83253
60 83272
60 83332
60 83365
60 83411
60 83554
60 83580
60 83590
60 83603
60 83648
60 83667
60 83744
60 83759
60 83771
60 83825
60 83830
60 83831
60 83832
60 83854
60 83868
60 83881
60 83980
60 83984
60 83992
60 83996
60 84031
60 84062
60 84065
60 84068
60 84089
60 84091
60 84164
60 84183
60 84202
60 84236
60 84255
60 84262
60 84421
60 84531
60 84652
60 84682
60 84743
60 84812
60 84837
60 84838
60 84893
60 84907
60 84932
60 84942
60 84973
60 84986
60 84992
60 85017
60 85075
60 85076
60 85129
60 85197
60 85238
60 85292
60 85300
60 85318
60 85322
60 85326
60 85331
60 85344
60 85353
60 85356
60 85363
60 85388
60 85392
60 85410
60 85415
60 85467
60 85497
60 85518
60 85532
60 85537
60 85553
60 85554
60 85574
60 85579
60 85580
60 85619
60 85634
60 85683
60 85697
60 85773
60 86034
60 86097
60 86187
60 86241
60 86262
60 86273
60 86291
60 86343
60 86360
60 86381
60 86412
60 86422
60 86433
60 86453
60 86478
60 86495
60 86503
60 86532
60 86602
60 86603
60 86631
60 86640
60 86653
60 86656
60 86703
60 86726
60 86727
60 86731
60 86758
60 86803
60 86837
60 86850
60 86873
60 86885
60 86887
60 86891
60 86896
60 86902
60 86908
60 86924
60 86994
60 87015
60 87048
60 87053
60 87057
60 87118
60 87148
60 87175
60 87220
60 87230
60 87248
60 87249
60 87302
60 87333
60 87344
60 87372
60 87383
60 87392
60 87409
60 87426
60 87460
60 87471
60 87489
60 87494
60 87545
60 87548
60 87562
60 87583
60 87584
60 87618
60 87625
60 87661
60 87698
60 87772
60 87782
60 87788
60 87805
60 87806
60 87843
60 87857
60 87861
60 87883
60 87892
60 87898
60 87905
60 87913
60 87963
60 88051
60 88059
60 88088
60 88092
60 88104
60 88127
60 88138
60 88144
60 88151
60 88160
60 88171
60 88183
60 88195
60 88196
60 88250
60 88280
60 88283
60 88327
60 88362
60 88486
60 88500
60 88506
60 88509
60 88522
60 88525
60 88544
60 88547
60 88610
60 88634
60 88639
60 88658
60 88665
60 88696
60 88718
60 88726
60 88730
60 88736
60 88741
60 88745
60 88748
60 88785
60 88823
60 88833
60 88847
60 88874
60 88894
60 88912
60 88933
60 88940
60 88946
60 88949
60 88953
60 88963
60 88968
60 88985
60 88989
60 89002
60 89018
60 89042
60 89048
60 89060
60 89084
60 89085
60 89099
60 89114
60 89122
60 89149
60 89151
60 89155
60 89220
60 89221
60 89235
60 89240
60 89242
60 89268
60 89279
60 89280
60 89302
60 89311
60 89327
60 89360
60 89372
60 89411
60 89461
60 89480
60 89486
60 89487
60 89498
60 89520
60 89538
60 89572
60 89573
60 89585
60 89586
60 89591
60 89650
60 89668
60 89682
60 89697
60 89704
60 89709
60 89715
60 89720
60 89748
60 89782
60 89819
60 89828
60 89858
60 89886
60 89895
60 89973
60 89984
60 90019
60 90023
60 90025
60 90069
60 90103
60 90136
60 90160
60 90163
60 90187
60 90223
60 90236
60 90244
60 90259
60 90268
60 90323
60 90329
60 90372
60 90377
60 90403
60 90419
60 90469
60 90481
60 90487
60 90491
60 90511
60 90520
60 90582
60 90595
60 90607
60 90613
60 90633
60 90639
60 90668
60 90684
60 90738
60 90776
60 90786
60 90821
60 90859
60 90875
60 90880
60 90885
60 90900
60 90920
60 90954
60 90966
60 90995
60 91047
60 91074
60 91102
60 91109
60 91121
60 91161
60 91177
60 91186
60 91219
60 91239
60 91299
60 91305
60 91308
60 91317
60 91338
60 91355
60 91363
60 91367
60 91374
60 91377
60 91385
60 91427
60 91457
60 91478
60 91487
60 91498
60 91524
60 91529
60 91530
60 91533
60 91551
60 91619
60 91638
60 91650
60 91676
60 91682
60 91701
60 91723
60 91741
60 91760
60 91812
60 91817
60 91867
60 91877
60 91889
60 91892
60 91897
60 91899
60 91922
60 91930
60 91960
60 91967
60 91997
60 92000
60 92052
60 92063
60 92075
60 92126
60 92237
60 92316
60 92338
60 92342
60 92361
60 92369
60 92380
60 92396
60 92411
60 92426
60 92436
60 92456
60 92486
60 92487
60 92508
60 92537
60 92577
60 92585
60 92591
60 92597
60 92617
60 92638
60 92654
60 92658
60 92675
60 92681
60 92750
60 92768
60 92779
60 92798
60 92812
60 92817
60 92824
60 92827
60 92837
60 92858
60 92867
60 92870
60 93296
60 93299
60 93320
60 93337
60 93348
60 93352
60 93363
60 93376
60 93381
60 93403
60 93417
60 93427
60 93440
60 93443
60 93499
60 93517
60 93562
60 93604
60 93627
60 93640
60 93687
60 93700
60 93709
60 93746
60 93762
60 93777
60 93779
60 93800
60 93808
60 93818
60 93843
60 93945
60 93949
60 94019
60 94032
60 94051
60 94055
60 94062
60 94070
60 94081
60 94091
60 94092
60 94107
60 94131
60 94134
60 94178
60 94193
60 94208
60 94218
60 94220
60 94252
60 94277
60 94306
60 94337
60 94342
60 94350
60 94351
60 94366
60 94377
60 94421
60 94441
60 94460
60 94466
60 94491
60 94512
60 94543
60 94552
60 94595
60 94596
60 94605
60 94615
60 94620
60 94622
60 94638
60 94655
60 94662
60 94664
60 94673
60 94680
60 94693
60 94725
60 94739
60 94757
60 94766
60 94769
60 94784
60 94789
60 94826
60 94840
60 94878
60 94892
60 94896
60 94934
60 94945
60 94965
60 94981
60 95020
60 95069
60 95097
60 95119
60 95130
60 95131
60 95142
60 95143
60 95217
60 95234
60 95251
60 95277
60 95285
60 95288
60 95301
60 95310
60 95338
60 95345
60 95346
60 95359
60 95365
60 95368
60 95393
60 95438
60 95453
60 95457
60 95461
60 95489
60 95502
60 95531
60 95583
60 95586
60 95587
60 95603
60 95610
60 95613
60 95630
60 95687
60 95711
60 95740
60 95747
60 95758
60 95781
60 95806
60 95832
60 95858
60 95870
60 95884
60 95887
60 95900
60 95910
60 95975
60 95979
60 95980
60 95984
60 96004
60 96009
60 96023
60 96064
60 96066
60 96102
60 96135
60 96144
60 96149
60 96151
60 96243
60 96249
60 96255
60 96264
60 96278
60 96300
60 96308
60 96346
60 96369
60 96370
60 96398
60 96428
60 96430
60 96443
60 96458
60 96464
60 96468
60 96480
60 96488
60 96502
60 96504
60 96517
60 96530
60 96541
60 96546
60 96560
60 96584
60 96620
60 96633
60 96671
60 96685
60 96713
60 96759
60 96765
60 96807
60 96842
60 96861
60 96876
60 96900
60 96909
60 96973
60 96974
60 97009
60 97064
60 97071
60 97081
60 97094
60 97132
60 97135
60 97154
60 97159
60 97166
60 97170
60 97172
60 97178
60 97200
60 97224
60 97240
60 97251
60 97260
60 97267
60 97284
60 97304
60 97307
60 97377
60 97401
60 97407
60 97408
60 97412
60 97424
60 97436
60 97469
60 97506
60 97525
60 97549
60 97571
60 97576
60 97614
60 97639
60 97641
60 97702
60 97720
60 97734
60 97755
60 97759
60 97783
60 97803
60 97826
60 97860
60 97868
60 97896
60 97901
60 97913
60 97918
60 97936
60 97977
60 97997
60 98004
60 98010
60 98015
60 98050
60 98055
60 98098
60 98128
60 98160
60 98180
60 98211
60 98224
60 98253
60 98264
60 98273
60 98289
60 98302
60 98327
60 98395
60 98435
60 98522
60 98538
60 98540
60 98567
60 98586
60 98650
60 98656
60 98689
60 98775
60 98806
60 98829
60 98839
60 98855
60 98894
60 98907
60 98939
60 98967
60 98972
60 99021
60 99026
60 99028
60 99041
60 99083
60 99122
60 99143
60 99165
60 99207
60 99208
60 99246
60 99248
60 99284
60 99288
60 99315
60 99324
60 99343
60 99357
60 99370
60 99392
60 99454
60 99472
60 99490
60 99500
60 99513
60 99579
60 99580
60 99605
60 99648
60 99660
60 99679
60 99681
60 99682
60 99715
60 99730
60 99732
60 99742
60 99746
60 99750
60 99752
60 99784
60 99822
60 99838
60 99882
60 99897
60 99938
60 99941
60 99970
60 100035
60 100047
60 100062
60 100063
60 100072
60 100086
60 100092
60 100094
60 100096
60 100097
60 100103
60 100149
60 100163
60 100189
60 100190
60 100200
60 100205
60 100214
60 100218
60 100243
60 100259
60 100324
60 100355
60 100360
60 100378
60 100392
60 100428
60 100446
60 100462
60 100470
60 100483
60 100551
60 100582
60 100598
60 100641
60 100669
60 100701
60 100719
60 100738
60 100758
60 100760
60 100762
60 100771
60 100777
60 100820
60 100844
60 100852
60 100898
60 100930
60 100942
60 100965
60 100972
60 101042
60 101098
60 101117
60 101119
60 101151
60 101175
60 101203
60 101221
60 101248
60 101254
60 101271
60 101331
60 101366
60 101370
60 101390
60 101392
60 101402
60 101421
60 101447
60 101502
60 101512
60 101520
60 101620
60 101632
60 101650
60 101687
60 101749
60 101765
60 101815
60 101821
60 101827
60 101858
60 101875
60 101894
60 101908
60 101930
60 101933
60 101939
60 101947
60 101948
60 101953
60 101967
60 101976
60 101981
60 102026
60 102029
60 102052
60 102099
60 102105
60 102125
60 102154
60 102163
60 102167
60 102264
60 102271
60 102289
60 102300
60 102309
60 102346
60 102377
60 102389
60 102407
60 102504
60 102523
60 102539
60 102568
60 102599
60 102641
60 102717
60 102727
60 102736
60 102748
60 102855
60 102893
60 102946
60 102963
60 102965
60 102975
60 102980
60 102993
60 102996
60 103006
60 103013
60 103019
60 103050
60 103057
60 103065
60 103102
60 103133
60 103147
60 103206
60 103229
60 103240
60 103250
60 103298
60 103310
60 103319
60 103341
60 103345
60 103353
60 103364
60 103366
60 103371
60 103379
60 103386
60 103399
60 103404
60 103413
60 103416
60 103426
60 103440
60 103473
60 103503
60 103517
60 103526
60 103534
60 103538
60 103543
60 103553
60 103567
60 103573
60 103621
60 103632
60 103637
60 103641
60 103678
60 103705
60 103707
60 103716
60 103717
60 103719
60 103722
60 103733
60 103751
60 103754
60 103755
60 103836
60 103841
60 103878
60 103903
61 7
61 42
61 44
61 52
61 82
61 86
61 93
61 105
61 161
61 170
61 193
61 206
61 236
61 297
61 320
61 342
61 386
61 391
61 412
61 422
61 446
61 447
61 481
61 511
61 525
61 539
61 541
61 542
61 568
61 577
61 594
61 609
61 629
61 694
61 737
61 760
61 825
61 859
61 876
61 881
61 882
61 936
61 947
61 1012
61 1026
61 1044
61 1088
61 1099
61 1110
61 1124
61 1125
61 1198
61 1226
61 1267
61 1347
61 1363
61 1367
61 1398
61 1419
61 1440
61 1442
61 1446
61 1450
61 1516
61 1530
61 1542
61 1544
61 1565
61 1575
61 1601
61 1602
61 1699
61 1702
61 1704
61 1721
61 1751
61 1790
61 1808
61 1814
61 1885
61 1955
61 1959
61 2007
61 2008
61 2036
61 2073
61 2076
61 2111
61 2113
61 2120
61 2158
61 2181
61 2207
61 2241
61 2243
61 2321
61 2338
61 2355
61 2370
61 2463
61 2494
61 2521
61 2561
61 2599
61 2616
61 2621
61 2639
61 2663
61 2702
61 2714
61 2784
61 2795
61 2816
61 2839
61 2846
61 2861
61 2864
61 2867
61 2877
61 2880
61 2881
61 2927
61 2932
61 2948
61 2951
61 3025
61 3037
61 3095
61 3147
61 3164
61 3185
61 3194
61 3203
61 3218
61 3282
61 3297
61 3336
61 3351
61 3367
61 3386
61 3448
61 3450
61 3465
61 3477
61 3478
61 3498
61 3549
61 3550
61 3562
61 3585
61 3587
61 3597
61 3727
61 3739
61 3764
61 3795
61 3815
61 3827
61 3862
61 3882
61 3883
61 3890
61 3895
61 3911
61 3920
61 3924
61 3926
61 3935
61 3954
61 3985
61 4004
61 4035
61 4110
61 4116
61 4132
61 4151
61 4160
61 4212
61 4237
61 4318
61 4352
61 4359
61 4363
61 4365
61 4369
61 4371
61 4386
61 4449
61 4462
61 4482
61 4486
61 4496
61 4503
61 4508
61 4514
61 4516
61 4555
61 4568
61 4581
61 4598
61 4668
61 4700
61 4720
61 4777
61 4796
61 4805
61 4810
61 4811
61 4822
61 4869
61 4877
61 4909
61 4912
61 4937
61 4973
61 5023
61 5061
61 5086
61 5138
61 5142
61 5167
61 5205
61 5210
61 5247
61 5266
61 5310
61 5317
61 5344
61 5375
61 5379
61 5395
61 5401
61 5418
61 5420
61 5424
61 5427
61 5441
61 5456
61 5463
61 5485
61 5516
61 5534
61 5546
61 5549
61 5563
61 5618
61 5625
61 5636
61 5670
61 5688
61 5691
61 5737
61 5759
61 5786
61 5818
61 5831
61 5842
61 5866
61 5904
61 5915
61 5964
61 6026
61 6047
61 6050
61 6123
61 6163
61 6210
61 6251
61 6297
61 6301
61 6302
61 6321
61 6331
61 6388
61 6424
61 6454
61 6492
61 6501
61 6507
61 6530
61 6536
61 6542
61 6550
61 6558
61 6570
61 6594
61 6602
61 6612
61 6636
61 6669
61 6780
61 6805
61 6844
61 6965
61 6969
61 6988
61 6992
61 7059
61 7085
61 7100
61 7144
61 7198
61 7218
61 7231
61 7271
61 7342
61 7364
61 7368
61 7386
61 7403
61 7420
61 7429
61 7446
61 7553
61 7586
61 7601
61 7611
61 7641
61 7671
61 7672
61 7688
61 7703
61 7704
61 7716
61 7761
61 7783
61 7818
61 7880
61 7898
61 7905
61 8005
61 8020
61 8026
61 8037
61 8042
61 8056
61 8061
61 8062
61 8166
61 8171
61 8188
61 8195
61 8206
61 8220
61 8222
61 8229
61 8230
61 8233
61 8244
61 8257
61 8320
61 8336
61 8352
61 8376
61 8396
61 8451
61 8490
61 8493
61 8530
61 8549
61 8560
61 8585
61 8638
61 8685
61 8712
61 8738
61 8760
61 8780
61 8786
61 8792
61 8822
61 8849
61 8878
61 8913
61 8916
61 8924
61 8970
61 8989
61 9010
61 9030
61 9040
61 9056
61 9063
61 9084
61 9129
61 9159
61 9190
61 9200
61 9222
61 9237
61 9305
61 9324
61 9336
61 9344
61 9351
61 9392
61 9401
61 9407
61 9416
61 9421
61 9468
61 9470
61 9472
61 9477
61 9479
61 9529
61 9572
61 9573
61 9585
61 9597
61 9603
61 9631
61 9645
61 9660
61 9661
61 9717
61 9760
61 9784
61 9790
61 9808
61 9865
61 9898
61 9916
61 9920
61 9960
61 9988
61 9994
61 10029
61 10034
61 10050
61 10064
61 10093
61 10136
61 10141
61 10164
61 10168
61 10172
61 10175
61 10183
61 10200
61 10231
61 10232
61 10250
61 10253
61 10269
61 10296
61 10323
61 10408
61 10418
61 10430
61 10462
61 10491
61 10525
61 10542
61 10577
61 10593
61 10622
61 10634
61 10640
61 10647
61 10654
61 10674
61 10682
61 10738
61 10838
61 10870
61 10917
61 10925
61 10949
61 10977
61 10989
61 11030
61 11032
61 11033
61 11045
61 11046
61 11047
61 11057
61 11065
61 11083
61 11118
61 11136
61 11142
61 11150
61 11201
61 11244
61 11284
61 11298
61 11307
61 11323
61 11339
61 11340
61 11347
61 11383
61 11388
61 11538
61 11596
61 11602
61 11639
61 11655
61 11661
61 11665
61 11698
61 11705
61 11713
61 11725
61 11739
61 11755
61 11777
61 11783
61 11824
61 11830
61 11838
61 11855
61 11858
61 11860
61 11897
61 11900
61 11921
61 11935
61 11979
61 11997
61 12014
61 12026
61 12103
61 12116
61 12154
61 12197
61 12203
61 12222
61 12291
61 12292
61 12302
61 12310
61 12346
61 12364
61 12384
61 12385
61 12396
61 12426
61 12429
61 12452
61 12484
61 12491
61 12504
61 12505
61 12514
61 12574
61 12602
61 12696
61 12716
61 12763
61 12802
61 12807
61 12863
61 12871
61 12900
61 12907
61 12915
61 12923
61 12933
61 12938
61 12942
61 12959
61 12965
61 12984
61 13001
61 13011
61 13015
61 13022
61 13049
61 13055
61 13061
61 13065
61 13083
61 13118
61 13170
61 13178
61 13204
61 13248
61 13252
61 13262
61 13278
61 13296
61 13307
61 13310
61 13335
61 13343
61 13374
61 13392
61 13404
61 13405
61 13406
61 13420
61 13425
61 13449
61 13481
61 13526
61 13557
61 13589
61 13594
61 13612
61 13619
61 13638
61 13673
61 13679
61 13686
61 13687
61 13704
61 13716
61 13720
61 13739
61 13759
61 13782
61 13784
61 13795
61 13797
61 13821
61 13826
61 13831
61 13853
61 13870
61 13872
61 13888
61 13935
61 13936
61 13976
61 13990
61 14021
61 14071
61 14093
61 14117
61 14131
61 14174
61 14306
61 14317
61 14330
61 14397
61 14406
61 14449
61 14518
61 14523
61 14572
61 14588
61 14618
61 14673
61 14698
61 14701
61 14725
61 14772
61 14784
61 14799
61 14802
61 14852
61 14866
61 14874
61 14887
61 14903
61 14916
61 14917
61 14970
61 15023
61 15027
61 15030
61 15043
61 15050
61 15056
61 15060
61 15091
61 15098
61 15099
61 15169
61 15170
61 15171
61 15206
61 15235
61 15249
61 15255
61 15262
61 15275
61 15297
61 15299
61 15326
61 15330
61 15350
61 15381
61 15384
61 15394
61 15405
61 15446
61 15450
61 15455
61 15461
61 15471
61 15473
61 15491
61 15502
61 15507
61 15528
61 15563
61 15653
61 15665
61 15702
61 15706
61 15759
61 15764
61 15772
61 15808
61 15844
61 15847
61 15864
61 15894
61 15900
61 15904
61 15947
61 15955
61 15980
61 15981
61 16037
61 16047
61 16089
61 16093
61 16137
61 16185
61 16202
61 16221
61 16233
61 16238
61 16272
61 16287
61 16347
61 16351
61 16355
61 16356
61 16365
61 16370
61 16395
61 16488
61 16492
61 16506
61 16525
61 16529
61 16531
61 16575
61 16589
61 16591
61 16608
61 16609
61 16615
61 16618
61 16619
61 16620
61 16630
61 16673
61 16674
61 16726
61 16741
61 16742
61 16749
61 16761
61 16762
61 16772
61 16773
61 16785
61 16802
61 16834
61 16848
61 16862
61 16889
61 16923
61 16955
61 16961
61 16973
61 17025
61 17066
61 17143
61 17153
61 17160
61 17173
61 17201
61 17245
61 17298
61 17372
61 17382
61 17388
61 17454
61 17487
61 17491
61 17506
61 17510
61 17523
61 17535
61 17547
61 17572
61 17583
61 17633
61 17643
61 17650
61 17675
61 17689
61 17697
61 17699
61 17701
61 17739
61 17765
61 17780
61 17819
61 17829
61 17861
61 17906
61 17907
61 17913
61 17915
61 17920
61 17927
61 17941
61 17990
61 17994
61 18023
61 18024
61 18043
61 18065
61 18105
61 18125
61 18166
61 18176
61 18215
61 18217
61 18319
61 18329
61 18392
61 18414
61 18427
61 18430
61 18433
61 18450
61 18470
61 18515
61 18535
61 18542
61 18564
61 18589
61 18627
61 18655
61 18666
61 18688
61 18701
61 18702
61 18721
61 18748
61 18778
61 18780
61 18794
61 18814
61 18827
61 18837
61 18862
61 18890
61 18902
61 18926
61 18931
61 18932
61 18949
61 19013
61 19034
61 19050
61 19052
61 19053
61 19178
61 19261
61 19290
61 19303
61 19308
61 19311
61 19348
61 19358
61 19367
61 19372
61 19397
61 19409
61 19412
61 19428
61 19432
61 19447
61 19453
61 19459
61 19461
61 19499
61 19561
61 19565
61 19615
61 19622
61 19642
61 19664
61 19670
61 19724
61 19726
61 19738
61 19795
61 19861
61 19895
61 19941
61 19956
61 20009
61 20016
61 20068
61 20118
61 20129
61 20157
61 20169
61 20174
61 20187
61 20210
61 20238
61 20257
61 20278
61 20291
61 20292
61 20307
61 20359
61 20430
61 20444
61 20464
61 20473
61 20484
61 20487
61 20497
61 20532
61 20535
61 20578
61 20589
61 20590
61 20606
61 20625
61 20644
61 20653
61 20659
61 20670
61 20676
61 20694
61 20698
61 20700
61 20730
61 20778
61 20818
61 20845
61 20887
61 20889
61 20896
61 20922
61 20978
61 20980
61 20985
61 21046
61 21053
61 21077
61 21087
61 21105
61 21141
61 21158
61 21167
61 21233
61 21246
61 21252
61 21269
61 21304
61 21306
61 21321
61 21327
61 21335
61 21343
61 21347
61 21373
61 21390
61 21394
61 21410
61 21414
61 21420
61 21436
61 21452
61 21498
61 21504
61 21534
61 21543
61 21544
61 21553
61 21557
61 21560
61 21577
61 21582
61 21615
61 21663
61 21667
61 21674
61 21724
61 21730
61 21763
61 21765
61 21774
61 21803
61 21822
61 21837
61 21857
61 21904
61 21930
61 21948
61 21955
61 21971
61 21984
61 21998
61 21999
61 22002
61 22027
61 22033
61 22034
61 22037
61 22038
61 22067
61 22091
61 22105
61 22127
61 22146
61 22155
61 22174
61 22191
61 22213
61 22225
61 22249
61 22270
61 22311
61 22327
61 22374
61 22416
61 22431
61 22436
61 22460
61 22473
61 22474
61 22513
61 22519
61 22560
61 22562
61 22566
61 22572
61 22587
61 22596
61 22598
61 22619
61 22678
61 22685
61 22695
61 22729
61 22744
61 22767
61 22774
61 22856
61 22865
61 22909
61 22912
61 22924
61 22942
61 22967
61 22973
61 22974
61 23015
61 23022
61 23032
61 23050
61 23074
61 23145
61 23151
61 23154
61 23229
61 23237
61 23239
61 23243
61 23309
61 23322
61 23328
61 23345
61 23347
61 23357
61 23396
61 23460
61 23463
61 23482
61 23505
61 23518
61 23542
61 23586
61 23599
61 23601
61 23608
61 23610
61 23624
61 23632
61 23714
61 23733
61 23748
61 23766
61 23804
61 23819
61 23832
61 23848
61 23915
61 23983
61 24008
61 24019
61 24048
61 24085
61 24168
61 24181
61 24235
61 24284
61 24286
61 24335
61 24337
61 24343
61 24355
61 24391
61 24408
61 24411
61 24451
61 24456
61 24465
61 24478
61 24480
61 24500
61 24519
61 24536
61 24564
61 24584
61 24624
61 24709
61 24719
61 24802
61 24810
61 24816
61 24820
61 24838
61 24866
61 24882
61 24922
61 24954
61 24963
61 24965
61 24969
61 24970
61 24989
61 24999
61 25002
61 25003
61 25004
61 25016
61 25020
61 25022
61 25030
61 25037
61 25081
61 25109
61 25170
61 25186
61 25201
61 25241
61 25266
61 25268
61 25285
61 25341
61 25346
61 25356
61 25366
61 25395
61 25399
61 25402
61 25406
61 25484
61 25485
61 25501
61 25511
61 25545
61 25549
61 25621
61 25632
61 25639
61 25652
61 25654
61 25668
61 25675
61 25695
61 25740
61 25748
61 25749
61 25780
61 25824
61 25835
61 25861
61 25901
61 25959
61 25995
61 26028
61 26099
61 26112
61 26150
61 26153
61 26191
61 26192
61 26193
61 26206
61 26215
61 26258
61 26290
61 26312
61 26319
61 26337
61 26351
61 26372
61 26382
61 26393
61 26437
61 26444
61 26516
61 26532
61 26539
61 26545
61 26568
61 26589
61 26590
61 26626
61 26691
61 26693
61 26694
61 26698
61 26706
61 26707
61 26728
61 26755
61 26767
61 26824
61 26826
61 26855
61 26887
61 26892
61 26907
61 26948
61 27023
61 27043
61 27099
61 27173
61 27267
61 27276
61 27283
61 27291
61 27306
61 27307
61 27338
61 27343
61 27349
61 27365
61 27400
61 27438
61 27459
61 27462
61 27543
61 27544
61 27565
61 27613
61 27621
61 27656
61 27697
61 27753
61 27810
61 27815
61 27822
61 27830
61 27847
61 27853
61 27856
61 27883
61 27884
61 27896
61 27900
61 27959
61 28000
61 28019
61 28021
61 28024
61 28026
61 28048
61 28053
61 28057
61 28069
61 28104
61 28121
61 28145
61 28164
61 28185
61 28224
61 28243
61 28274
61 28291
61 28297
61 28316
61 28350
61 28351
61 28358
61 28376
61 28425
61 28439
61 28499
61 28504
61 28522
61 28540
61 28557
61 28569
61 28576
61 28585
61 28625
61 28627
61 28647
61 28648
61 28668
61 28682
61 28730
61 28739
61 28783
61 28797
61 28806
61 28813
61 28883
61 28926
61 28931
61 28952
61 28955
61 29022
61 29108
61 29139
61 29143
61 29163
61 29196
61 29202
61 29208
61 29216
61 29239
61 29268
61 29323
61 29344
61 29352
61 29363
61 29436
61 29438
61 29459
61 29474
61 29480
61 29484
61 29498
61 29505
61 29522
61 29531
61 29591
61 29616
61 29625
61 29650
61 29657
61 29676
61 29700
61 29706
61 29715
61 29747
61 29759
61 29766
61 29821
61 29826
61 29863
61 29869
61 29894
61 29907
61 29910
61 29911
61 29917
61 29924
61 29929
61 29930
61 29940
61 29975
61 30003
61 30042
61 30084
61 30091
61 30153
61 30182
61 30194
61 30199
61 30221
61 30231
61 30255
61 30256
61 30282
61 30288
61 30303
61 30331
61 30365
61 30368
61 30370
61 30384
61 30462
61 30494
61 30608
61 30620
61 30636
61 30653
61 30672
61 30683
61 30687
61 30696
61 30724
61 30735
61 30739
61 30771
61 30774
61 30814
61 30822
61 30829
61 30840
61 30881
61 30892
61 30907
61 30924
61 30932
61 30937
61 30955
61 30957
61 30983
61 30991
61 31008
61 31021
61 31071
61 31088
61 31108
61 31116
61 31147
61 31149
61 31154
61 31175
61 31196
61 31207
61 31224
61 31277
61 31342
61 31422
61 31437
61 31454
61 31473
61 31488
61 31513
61 31549
61 31665
61 31709
61 31739
61 31745
61 31790
61 31812
61 31829
61 31891
61 31918
61 31919
61 31924
61 31970
61 31974
61 31977
61 31983
61 31990
61 32037
61 32065
61 32082
61 32088
61 32096
61 32109
61 32126
61 32144
61 32154
61 32181
61 32184
61 32214
61 32244
61 32294
61 32331
61 32357
61 32370
61 32381
61 32400
61 32441
61 32482
61 32525
61 32537
61 32557
61 32569
61 32584
61 32595
61 32609
61 32659
61 32662
61 32673
61 32674
61 32683
61 32715
61 32724
61 32754
61 32762
61 32771
61 32774
61 32791
61 32804
61 32873
61 32879
61 32890
61 32901
61 32907
61 32918
61 32936
61 32967
61 32982
61 33010
61 33014
61 33024
61 33028
61 33035
61 33056
61 33062
61 33075
61 33095
61 33100
61 33122
61 33146
61 33164
61 33194
61 33218
61 33226
61 33241
61 33250
61 33261
61 33263
61 33270
61 33283
61 33287
61 33322
61 33374
61 33384
61 33416
61 33421
61 33436
61 33438
61 33448
61 33484
61 33519
61 33532
61 33536
61 33557
61 33565
61 33643
61 33654
61 33682
61 33800
61 33806
61 33807
61 33907
61 33922
61 33927
61 33938
61 33950
61 34075
61 34081
61 34112
61 34126
61 34132
61 34154
61 34165
61 34290
61 34303
61 34325
61 34338
61 34344
61 34353
61 34355
61 34366
61 34369
61 34378
61 34388
61 34421
61 34432
61 34438
61 34440
61 34449
61 34517
61 34543
61 34562
61 34588
61 34605
61 34637
61 34657
61 34681
61 34684
61 34687
61 34709
61 34729
61 34743
61 34774
61 34802
61 34803
61 34819
61 34851
61 34878
61 34911
61 34970
61 34983
61 34985
61 35055
61 35056
61 35075
61 35087
61 35113
61 35139
61 35146
61 35149
61 35163
61 35170
61 35189
61 35211
61 35252
61 35268
61 35332
61 35338
61 35360
61 35402
61 35418
61 35452
61 35459
61 35489
61 35490
61 35500
61 35503
61 35513
61 35543
61 35599
61 35606
61 35621
61 35649
61 35723
61 35776
61 35779
61 35800
61 35856
61 35884
61 35886
61 35889
61 35964
61 35969
61 35989
61 35998
61 36003
61 36006
61 36020
61 36060
61 36076
61 36079
61 36083
61 36090
61 36095
61 36142
61 36187
61 36249
61 36311
61 36376
61 36433
61 36472
61 36483
61 36503
61 36505
61 36510
61 36523
61 36533
61 36545
61 36551
61 36571
61 36573
61 36637
61 36644
61 36648
61 36713
61 36745
61 36755
61 36758
61 36764
61 36817
61 36849
61 36880
61 36926
61 36930
61 36999
61 37007
61 37011
61 37013
61 37022
61 37045
61 37047
61 37079
61 37135
61 37196
61 37210
61 37220
61 37233
61 37236
61 37246
61 37265
61 37313
61 37332
61 37333
61 37367
61 37381
61 37403
61 37417
61 37428
61 37458
61 37459
61 37471
61 37477
61 37536
61 37555
61 37562
61 37566
61 37573
61 37590
61 37592
61 37641
61 37703
61 37711
61 37716
61 37720
61 37746
61 37785
61 37802
61 37846
61 37853
61 37880
61 37889
61 37947
61 37956
61 37981
61 37990
61 38014
61 38046
61 38047
61 38052
61 38057
61 38069
61 38100
61 38118
61 38207
61 38234
61 38327
61 38334
61 38351
61 38365
61 38392
61 38405
61 38418
61 38421
61 38429
61 38435
61 38436
61 38452
61 38454
61 38471
61 38475
61 38486
61 38501
61 38505
61 38552
61 38561
61 38567
61 38623
61 38660
61 38668
61 38679
61 38700
61 38748
61 38749
61 38798
61 38825
61 38901
61 38908
61 38910
61 38912
61 38914
61 38928
61 38946
61 38953
61 39004
61 39081
61 39097
61 39134
61 39146
61 39155
61 39177
61 39188
61 39223
61 39224
61 39225
61 39249
61 39250
61 39272
61 39292
61 39312
61 39338
61 39343
61 39356
61 39366
61 39392
61 39415
61 39436
61 39460
61 39462
61 39475
61 39479
61 39486
61 39494
61 39508
61 39522
61 39535
61 39572
61 39603
61 39607
61 39637
61 39665
61 39686
61 39687
61 39709
61 39713
61 39723
61 39732
61 39748
61 39778
61 39808
61 39811
61 39848
61 39884
61 39910
61 39913
61 39922
61 39927
61 39942
61 39950
61 39960
61 39963
61 40000
61 40001
61 40006
61 40031
61 40037
61 40072
61 40073
61 40093
61 40096
61 40098
61 40257
61 40314
61 40322
61 40344
61 40346
61 40362
61 40370
61 40373
61 40377
61 40400
61 40413
61 40506
61 40535
61 40537
61 40540
61 40604
61 40622
61 40626
61 40649
61 40739
61 40800
61 40813
61 40833
61 40852
61 40854
61 40860
61 40876
61 40880
61 40883
61 40886
61 40915
61 40919
61 40949
61 40993
61 41009
61 41018
61 41021
61 41026
61 41032
61 41075
61 41086
61 41098
61 41150
61 41155
61 41168
61 41210
61 41272
61 41276
61 41308
61 41358
61 41366
61 41434
61 41484
61 41495
61 41510
61 41532
61 41563
61 41567
61 41581
61 41598
61 41610
61 41650
61 41665
61 41701
61 41730
61 41747
61 41751
61 41783
61 41799
61 41810
61 41824
61 41825
61 41864
61 41893
61 41911
61 41951
61 41964
61 41977
61 42032
61 42135
61 42136
61 42166
61 42178
61 42205
61 42258
61 42266
61 42279
61 42280
61 42337
61 42386
61 42389
61 42400
61 42423
61 42438
61 42447
61 42463
61 42484
61 42485
61 42526
61 42540
61 42558
61 42660
61 42689
61 42746
61 42747
61 42797
61 42845
61 42860
61 42893
61 42904
61 42909
61 42912
61 42939
61 42944
61 42996
61 43044
61 43066
61 43067
61 43114
61 43125
61 43126
61 43174
61 43179
61 43189
61 43207
61 43224
61 43283
61 43315
61 43328
61 43330
61 43336
61 43360
61 43401
61 43433
61 43459
61 43471
61 43477
61 43486
61 43503
61 43515
61 43557
61 43593
61 43678
61 43696
61 43724
61 43730
61 43784
61 43788
61 43802
61 43837
61 43898
61 43920
61 43970
61 43975
61 43978
61 43979
61 43981
61 44002
61 44004
61 44015
61 44077
61 44093
61 44096
61 44103
61 44105
61 44113
61 44114
61 44122
61 44133
61 44161
61 44166
61 44169
61 44226
61 44291
61 44313
61 44349
61 44361
61 44375
61 44385
61 44428
61 44452
61 44480
61 44522
61 44543
61 44572
61 44585
61 44634
61 44699
61 44704
61 44775
61 44780
61 44784
61 44806
61 44824
61 44829
61 44846
61 44893
61 44911
61 44944
61 44950
61 44961
61 44976
61 44996
61 45005
61 45025
61 45050
61 45058
61 45080
61 45093
61 45162
61 45165
61 45181
61 45193
61 45215
61 45235
61 45273
61 45279
61 45322
61 45337
61 45350
61 45382
61 45390
61 45418
61 45443
61 45451
61 45489
61 45517
61 45539
61 45540
61 45552
61 45582
61 45604
61 45709
61 45752
61 45783
61 45812
61 45816
61 45819
61 45860
61 45909
61 45911
61 45926
61 45951
61 45957
61 45958
61 45963
61 45989
61 46021
61 46030
61 46059
61 46076
61 46077
61 46084
61 46116
61 46145
61 46164
61 46213
61 46220
61 46232
61 46239
61 46249
61 46304
61 46309
61 46343
61 46366
61 46369
61 46375
61 46391
61 46419
61 46513
61 46516
61 46524
61 46538
61 46585
61 46614
61 46625
61 46644
61 46663
61 46671
61 46687
61 46690
61 46699
61 46717
61 46720
61 46738
61 46756
61 46791
61 46803
61 46852
61 46857
61 46871
61 46893
61 46901
61 46935
61 46966
61 46997
61 47004
61 47008
61 47026
61 47065
61 47076
61 47079
61 47085
61 47093
61 47127
61 47169
61 47175
61 47185
61 47196
61 47219
61 47229
61 47250
61 47251
61 47253
61 47256
61 47285
61 47292
61 47313
61 47314
61 47317
61 47348
61 47377
61 47381
61 47394
61 47405
61 47431
61 47435
61 47453
61 47464
61 47467
61 47470
61 47483
61 47488
61 47498
61 47522
61 47534
61 47553
61 47576
61 47623
61 47649
61 47652
61 47666
61 47672
61 47683
61 47703
61 47714
61 47722
61 47724
61 47804
61 47805
61 47806
61 47807
61 47835
61 47849
61 47852
61 47878
61 47889
61 47907
61 47923
61 47933
61 47968
61 47995
61 48027
61 48070
61 48075
61 48076
61 48104
61 48105
61 48126
61 48184
61 48191
61 48220
61 48235
61 48255
61 48282
61 48298
61 48335
61 48364
61 48367
61 48372
61 48388
61 48408
61 48413
61 48424
61 48429
61 48437
61 48496
61 48500
61 48502
61 48528
61 48548
61 48587
61 48590
61 48602
61 48604
61 48618
61 48654
61 48693
61 48710
61 48723
61 48785
61 48809
61 48820
61 48844
61 48845
61 48850
61 48897
61 48923
61 48961
61 48991
61 49035
61 49043
61 49051
61 49073
61 49086
61 49092
61 49127
61 49144
61 49160
61 49161
61 49162
61 49166
61 49178
61 49181
61 49198
61 49234
61 49242
61 49253
61 49256
61 49305
61 49315
61 49316
61 49337
61 49348
61 49361
61 49375
61 49384
61 49392
61 49393
61 49409
61 49425
61 49452
61 49470
61 49472
61 49537
61 49538
61 49640
61 49657
61 49718
61 49749
61 49763
61 49800
61 49817
61 49850
61 49894
61 49933
61 49945
61 49972
61 49980
61 50046
61 50055
61 50095
61 50137
61 50184
61 50194
61 50210
61 50225
61 50235
61 50239
61 50245
61 50272
61 50291
61 50295
61 50301
61 50307
61 50309
61 50333
61 50454
61 50478
61 50493
61 50496
61 50519
61 50565
61 50630
61 50631
61 50646
61 50652
61 50676
61 50684
61 50697
61 50743
61 50783
61 50815
61 50816
61 50833
61 50843
61 50891
61 50944
61 50955
61 50960
61 50967
61 50969
61 50980
61 50988
61 51003
61 51091
61 51096
61 51109
61 51114
61 51121
61 51135
61 51145
61 51160
61 51170
61 51175
61 51216
61 51221
61 51222
61 51250
61 51317
61 51383
61 51404
61 51406
61 51423
61 51469
61 51533
61 51546
61 51548
61 51559
61 51576
61 51578
61 51692
61 51708
61 51717
61 51736
61 51737
61 51748
61 51762
61 51765
61 51784
61 51843
61 51845
61 51880
61 51903
61 51906
61 51912
61 51918
61 51946
61 51976
61 51997
61 52026
61 52043
61 52044
61 52050
61 52057
61 52076
61 52145
61 52192
61 52209
61 52213
61 52217
61 52224
61 52247
61 52255
61 52261
61 52263
61 52265
61 52270
61 52281
61 52304
61 52326
61 52349
61 52358
61 52407
61 52416
61 52455
61 52460
61 52479
61 52535
61 52538
61 52539
61 52564
61 52586
61 52622
61 52623
61 52643
61 52652
61 52660
61 52663
61 52669
61 52707
61 52717
61 52720
61 52725
61 52734
61 52756
61 52772
61 52777
61 52781
61 52783
61 52785
61 52792
61 52816
61 52838
61 52851
61 52854
61 52880
61 52903
61 52916
61 52938
61 52951
61 52979
61 52996
61 52997
61 53008
61 53064
61 53098
61 53107
61 53111
61 53168
61 53253
61 53255
61 53267
61 53269
61 53297
61 53307
61 53331
61 53351
61 53360
61 53398
61 53425
61 53473
61 53487
61 53503
61 53520
61 53521
61 53546
61 53555
61 53580
61 53581
61 53596
61 53637
61 53648
61 53739
61 53741
61 53745
61 53805
61 53839
61 53865
61 53868
61 53872
61 53879
61 53885
61 53911
61 53927
61 53986
61 53994
61 54002
61 54033
61 54044
61 54083
61 54109
61 54128
61 54131
61 54211
61 54237
61 54242
61 54246
61 54266
61 54275
61 54294
61 54299
61 54306
61 54323
61 54354
61 54357
61 54360
61 54364
61 54379
61 54389
61 54393
61 54436
61 54449
61 54484
61 54499
61 54506
61 54513
61 54535
61 54554
61 54562
61 54574
61 54595
61 54616
61 54618
61 54624
61 54673
61 54677
61 54682
61 54713
61 54728
61 54767
61 54797
61 54817
61 54832
61 54842
61 54860
61 54863
61 54876
61 54878
61 54929
61 54946
61 54980
61 54995
61 55030
61 55035
61 55082
61 55085
61 55129
61 55160
61 55163
61 55192
61 55222
61 55251
61 55275
61 55300
61 55311
61 55332
61 55370
61 55429
61 55433
61 55453
61 55497
61 55525
61 55542
61 55545
61 55569
61 55596
61 55658
61 55720
61 55725
61 55751
61 55792
61 55796
61 55807
61 55859
61 55860
61 55871
61 55963
61 56001
61 56055
61 56080
61 56128
61 56173
61 56177
61 56199
61 56203
61 56204
61 56206
61 56211
61 56217
61 56225
61 56262
61 56294
61 56300
61 56304
61 56330
61 56342
61 56362
61 56391
61 56420
61 56443
61 56456
61 56499
61 56511
61 56530
61 56532
61 56556
61 56634
61 56658
61 56719
61 56742
61 56748
61 56757
61 56780
61 56799
61 56810
61 56833
61 56884
61 56914
61 56947
61 56956
61 56969
61 56984
61 57020
61 57024
61 57032
61 57042
61 57087
61 57113
61 57165
61 57190
61 57207
61 57237
61 57246
61 57256
61 57260
61 57277
61 57299
61 57314
61 57354
61 57358
61 57384
61 57389
61 57402
61 57473
61 57475
61 57499
61 57515
61 57521
61 57582
61 57596
61 57605
61 57630
61 57634
61 57638
61 57664
61 57685
61 57702
61 57795
61 57804
61 57814
61 57848
61 57864
61 57898
61 57950
61 57959
61 57976
61 58008
61 58035
61 58061
61 58064
61 58065
61 58072
61 58109
61 58111
61 58113
61 58114
61 58142
61 58152
61 58173
61 58178
61 58272
61 58286
61 58288
61 58290
61 58376
61 58405
61 58415
61 58461
61 58491
61 58497
61 58511
61 58516
61 58528
61 58529
61 58531
61 58555
61 58558
61 58588
61 58597
61 58598
61 58604
61 58607
61 58637
61 58646
61 58655
61 58656
61 58669
61 58733
61 58758
61 58786
61 58804
61 58812
61 58838
61 58860
61 58868
61 58888
61 58900
61 58916
61 58963
61 58977
61 59032
61 59039
61 59072
61 59126
61 59150
61 59191
61 59241
61 59268
61 59293
61 59299
61 59311
61 59327
61 59330
61 59334
61 59359
61 59364
61 59387
61 59389
61 59396
61 59423
61 59424
61 59425
61 59438
61 59470
61 59490
61 59495
61 59499
61 59502
61 59543
61 59560
61 59599
61 59615
61 59638
61 59680
61 59731
61 59741
61 59777
61 59781
61 59793
61 59810
61 59818
61 59839
61 59847
61 59877
61 59889
61 59901
61 59918
61 59954
61 59958
61 59962
61 59969
61 60001
61 60030
61 60058
61 60080
61 60087
61 60113
61 60120
61 60134
61 60153
61 60175
61 60198
61 60220
61 60244
61 60260
61 60273
61 60289
61 60298
61 60300
61 60309
61 60318
61 60319
61 60329
61 60339
61 60340
61 60354
61 60372
61 60373
61 60407
61 60454
61 60461
61 60464
61 60478
61 60497
61 60507
61 60523
61 60533
61 60548
61 60558
61 60606
61 60634
61 60639
61 60652
61 60670
61 60677
61 60737
61 60741
61 60759
61 60766
61 60771
61 60775
61 60778
61 60790
61 60793
61 60823
61 60836
61 60839
61 60905
61 60951
61 60978
61 61010
61 61013
61 61023
61 61076
61 61139
61 61166
61 61179
61 61183
61 61202
61 61205
61 61206
61 61226
61 61231
61 61245
61 61253
61 61337
61 61355
61 61374
61 61405
61 61457
61 61504
61 61586
61 61590
61 61595
61 61630
61 61639
61 61652
61 61664
61 61685
61 61698
61 61707
61 61747
61 61781
61 61834
61 61843
61 61892
61 61911
61 61990
61 62013
61 62029
61 62030
61 62035
61 62056
61 62125
61 62127
61 62167
61 62189
61 62194
61 62204
61 62239
61 62280
61 62284
61 62351
61 62360
61 62362
61 62373
61 62386
61 62424
61 62439
61 62446
61 62461
61 62471
61 62548
61 62583
61 62592
61 62604
61 62613
61 62617
61 62632
61 62638
61 62663
61 62667
61 62668
61 62673
61 62679
61 62682
61 62720
61 62726
61 62727
61 62744
61 62751
61 62756
61 62766
61 62770
61 62780
61 62784
61 62800
61 62815
61 62844
61 62858
61 62877
61 62907
61 62910
61 62933
61 62939
61 62940
61 62972
61 62980
61 62987
61 63044
61 63068
61 63079
61 63088
61 63117
61 63123
61 63144
61 63147
61 63167
61 63172
61 63198
61 63219
61 63238
61 63240
61 63279
61 63284
61 63325
61 63338
61 63363
61 63373
61 63381
61 63388
61 63389
61 63451
61 63491
61 63513
61 63536
61 63539
61 63540
61 63573
61 63604
61 63627
61 63653
61 63720
61 63728
61 63741
61 63778
61 63787
61 63878
61 63891
61 63893
61 63895
61 63988
61 63993
61 64028
61 64037
61 64049
61 64050
61 64055
61 64056
61 64096
61 64100
61 64115
61 64127
61 64141
61 64153
61 64159
61 64180
61 64184
61 64193
61 64263
61 64279
61 64302
61 64324
61 64348
61 64352
61 64353
61 64414
61 64416
61 64498
61 64507
61 64529
61 64533
61 64535
61 64536
61 64538
61 64544
61 64578
61 64582
61 64599
61 64618
61 64641
61 64726
61 64747
61 64765
61 64773
61 64791
61 64835
61 64843
61 64844
61 64852
61 64877
61 64911
61 64943
61 64947
61 64948
61 64956
61 64977
61 64984
61 65015
61 65016
61 65026
61 65067
61 65115
61 65135
61 65186
61 65212
61 65257
61 65266
61 65288
61 65295
61 65310
61 65318
61 65324
61 65379
61 65444
61 65451
61 65471
61 65496
61 65509
61 65519
61 65547
61 65549
61 65598
61 65616
61 65618
61 65672
61 65683
61 65695
61 65714
61 65761
61 65772
61 65798
61 65814
61 65851
61 65859
61 65860
61 65872
61 65910
61 65932
61 65940
61 65949
61 65950
61 65958
61 65985
61 65993
61 66006
61 66017
61 66022
61 66075
61 66105
61 66106
61 66107
61 66108
61 66153
61 66173
61 66180
61 66221
61 66250
61 66322
61 66325
61 66330
61 66331
61 66332
61 66343
61 66367
61 66374
61 66383
61 66410
61 66414
61 66415
61 66468
61 66473
61 66486
61 66502
61 66525
61 66534
61 66547
61 66548
61 66575
61 66609
61 66614
61 66630
61 66636
61 66656
61 66698
61 66751
61 66768
61 66799
61 66801
61 66825
61 66840
61 66873
61 66898
61 66911
61 66914
61 66917
61 66926
61 66953
61 66957
61 66964
61 66983
61 67015
61 67029
61 67041
61 67071
61 67106
61 67129
61 67174
61 67207
61 67249
61 67266
61 67274
61 67307
61 67340
61 67374
61 67456
61 67473
61 67496
61 67529
61 67538
61 67587
61 67594
61 67632
61 67647
61 67653
61 67674
61 67690
61 67709
61 67736
61 67754
61 67763
61 67831
61 67849
61 67856
61 67857
61 67873
61 67890
61 67937
61 67946
61 67996
61 67997
61 68079
61 68086
61 68095
61 68109
61 68115
61 68147
61 68155
61 68163
61 68168
61 68176
61 68190
61 68195
61 68197
61 68199
61 68211
61 68219
61 68233
61 68236
61 68237
61 68263
61 68274
61 68316
61 68324
61 68327
61 68339
61 68361
61 68370
61 68380
61 68412
61 68434
61 68463
61 68477
61 68488
61 68509
61 68517
61 68532
61 68548
61 68574
61 68580
61 68582
61 68584
61 68594
61 68639
61 68642
61 68644
61 68678
61 68687
61 68698
61 68707
61 68716
61 68739
61 68742
61 68757
61 68782
61 68825
61 68853
61 68860
61 68916
61 68937
61 68940
61 68962
61 68980
61 68983
61 69016
61 69021
61 69046
61 69047
61 69074
61 69080
61 69082
61 69100
61 69109
61 69154
61 69168
61 69177
61 69184
61 69204
61 69239
61 69247
61 69258
61 69291
61 69292
61 69338
61 69354
61 69373
61 69375
61 69381
61 69383
61 69399
61 69405
61 69416
61 69419
61 69450
61 69479
61 69504
61 69550
61 69576
61 69590
61 69595
61 69609
61 69626
61 69633
61 69634
61 69648
61 69718
61 69729
61 69739
61 69742
61 69794
61 69812
61 69813
61 69821
61 69827
61 69839
61 69843
61 69855
61 69897
61 69972
61 69985
61 69988
61 69992
61 70001
61 70002
61 70046
61 70055
61 70066
61 70073
61 70078
61 70081
61 70128
61 70166
61 70196
61 70220
61 70233
61 70263
61 70265
61 70275
61 70295
61 70341
61 70372
61 70392
61 70395
61 70445
61 70467
61 70470
61 70493
61 70506
61 70512
61 70514
61 70524
61 70576
61 70578
61 70580
61 70597
61 70599
61 70601
61 70613
61 70629
61 70638
61 70639
61 70671
61 70676
61 70680
61 70715
61 70735
61 70750
61 70755
61 70765
61 70774
61 70775
61 70822
61 70833
61 70849
61 70850
61 70869
61 70911
61 70955
61 70967
61 70973
61 70982
61 70988
61 70994
61 71043
61 71075
61 71099
61 71150
61 71155
61 71171
61 71172
61 71182
61 71190
61 71326
61 71351
61 71370
61 71377
61 71382
61 71387
61 71392
61 71403
61 71437
61 71454
61 71475
61 71512
61 71540
61 71593
61 71617
61 71625
61 71659
61 71684
61 71686
61 71689
61 71715
61 71732
61 71736
61 71768
61 71775
61 71825
61 71852
61 71858
61 71861
61 71884
61 71889
61 71894
61 71909
61 71927
61 71937
61 71940
61 72022
61 72026
61 72036
61 72039
61 72043
61 72044
61 72053
61 72114
61 72153
61 72188
61 72189
61 72212
61 72225
61 72239
61 72242
61 72274
61 72315
61 72320
61 72325
61 72340
61 72341
61 72351
61 72371
61 72404
61 72412
61 72424
61 72445
61 72471
61 72486
61 72490
61 72493
61 72497
61 72532
61 72542
61 72566
61 72587
61 72644
61 72649
61 72690
61 72691
61 72724
61 72750
61 72763
61 72807
61 72810
61 72813
61 72849
61 72859
61 72891
61 72895
61 72911
61 72927
61 72930
61 72961
61 72965
61 72970
61 73029
61 73105
61 73111
61 73112
61 73158
61 73167
61 73179
61 73182
61 73205
61 73222
61 73223
61 73270
61 73285
61 73288
61 73332
61 73358
61 73395
61 73409
61 73438
61 73440
61 73461
61 73473
61 73583
61 73603
61 73615
61 73678
61 73689
61 73695
61 73720
61 73737
61 73772
61 73784
61 73785
61 73799
61 73801
61 73808
61 73831
61 73869
61 73890
61 73910
61 73940
61 73946
61 73947
61 73950
61 73955
61 73976
61 73984
61 73987
61 74079
61 74082
61 74127
61 74134
61 74201
61 74206
61 74209
61 74214
61 74236
61 74237
61 74244
61 74265
61 74268
61 74279
61 74315
61 74320
61 74334
61 74335
61 74368
61 74389
61 74406
61 74432
61 74436
61 74466
61 74467
61 74509
61 74576
61 74580
61 74587
61 74607
61 74618
61 74621
61 74636
61 74672
61 74684
61 74685
61 74689
61 74703
61 74787
61 74883
61 74920
61 74930
61 74945
61 74954
61 74987
61 74991
61 75014
61 75021
61 75082
61 75098
61 75107
61 75114
61 75166
61 75167
61 75169
61 75197
61 75198
61 75206
61 75207
61 75217
61 75227
61 75242
61 75258
61 75263
61 75268
61 75306
61 75315
61 75317
61 75341
61 75409
61 75416
61 75427
61 75448
61 75457
61 75525
61 75530
61 75536
61 75544
61 75560
61 75585
61 75600
61 75609
61 75610
61 75614
61 75634
61 75637
61 75646
61 75657
61 75664
61 75690
61 75733
61 75741
61 75760
61 75783
61 75806
61 75809
61 75828
61 75925
61 75928
61 75938
61 75943
61 75949
61 75955
61 75960
61 75962
61 75965
61 75974
61 75980
61 75996
61 76045
61 76077
61 76096
61 76114
61 76131
61 76151
61 76163
61 76166
61 76178
61 76179
61 76189
61 76216
61 76264
61 76266
61 76283
61 76295
61 76316
61 76344
61 76353
61 76356
61 76399
61 76408
61 76425
61 76433
61 76443
61 76464
61 76470
61 76479
61 76483
61 76493
61 76523
61 76525
61 76530
61 76542
61 76576
61 76588
61 76597
61 76613
61 76711
61 76712
61 76723
61 76732
61 76758
61 76776
61 76777
61 76788
61 76790
61 76800
61 76813
61 76845
61 76850
61 76857
61 76858
61 76873
61 76890
61 76927
61 76938
61 76962
61 76987
61 76997
61 77020
61 77056
61 77099
61 77114
61 77131
61 77202
61 77210
61 77284
61 77305
61 77306
61 77318
61 77320
61 77336
61 77397
61 77416
61 77435
61 77441
61 77449
61 77478
61 77507
61 77509
61 77514
61 77541
61 77559
61 77563
61 77567
61 77611
61 77631
61 77642
61 77646
61 77656
61 77659
61 77684
61 77780
61 77808
61 77841
61 77842
61 77848
61 77862
61 77865
61 77871
61 77914
61 77925
61 77934
61 77954
61 77979
61 77985
61 78004
61 78006
61 78041
61 78057
61 78063
61 78083
61 78096
61 78144
61 78149
61 78177
61 78190
61 78224
61 78228
61 78255
61 78271
61 78282
61 78288
61 78319
61 78323
61 78334
61 78344
61 78360
61 78363
61 78365
61 78372
61 78409
61 78410
61 78420
61 78424
61 78435
61 78442
61 78464
61 78497
61 78509
61 78510
61 78514
61 78521
61 78600
61 78634
61 78635
61 78675
61 78679
61 78767
61 78775
61 78778
61 78790
61 78802
61 78854
61 78898
61 78909
61 78949
61 79904
61 79913
61 79920
61 79938
61 80019
61 80031
61 80082
61 80141
61 80147
61 80210
61 80230
61 80254
61 80313
61 80371
61 80387
61 80424
61 80426
61 80427
61 80435
61 80438
61 80441
61 80446
61 80451
61 80555
61 80561
61 80585
61 80590
61 80592
61 80608
61 80627
61 80641
61 80665
61 80710
61 80731
61 80734
61 80741
61 80753
61 80767
61 80775
61 80795
61 80799
61 80816
61 80826
61 80841
61 80865
61 80869
61 80881
61 80886
61 80904
61 80932
61 80971
61 80982
61 80988
61 81006
61 81010
61 81018
61 81082
61 81098
61 81104
61 81186
61 81230
61 81236
61 81237
61 81255
61 81275
61 81279
61 81289
61 81300
61 81303
61 81308
61 81320
61 81325
61 81393
61 81417
61 81418
61 81433
61 81438
61 81447
61 81471
61 81481
61 81497
61 81503
61 81552
61 81566
61 81580
61 81602
61 81630
61 81662
61 81675
61 81689
61 81693
61 81694
61 81729
61 81741
61 81781
61 81787
61 81878
61 81895
61 81908
61 81931
61 81952
61 81965
61 81968
61 81984
61 81992
61 82233
61 82234
61 82392
61 82443
61 82459
61 82556
61 82560
61 82581
61 82593
61 82605
61 82710
61 82714
61 82745
61 82746
61 82797
61 82802
61 82825
61 82844
61 82851
61 82857
61 82883
61 82886
61 82910
61 82938
61 82957
61 82981
61 83004
61 83043
61 83046
61 83051
61 83061
61 83083
61 83110
61 83142
61 83190
61 83228
61 83363
61 83367
61 83406
61 83418
61 83466
61 83483
61 83486
61 83491
61 83526
61 83562
61 83576
61 83583
61 83594
61 83611
61 83646
61 83647
61 83648
61 83673
61 83692
61 83694
61 83695
61 83702
61 83708
61 83718
61 83728
61 83738
61 83742
61 83744
61 83745
61 83760
61 83763
61 83810
61 83848
61 83853
61 83867
61 83880
61 83903
61 83907
61 83925
61 83971
61 83989
61 84006
61 84008
61 84009
61 84016
61 84042
61 84097
61 84253
61 84553
61 84859
61 84869
61 84871
61 84881
61 84883
61 84947
61 84950
61 84968
61 84980
61 84981
61 85047
61 85056
61 85065
61 85074
61 85120
61 85159
61 85201
61 85226
61 85229
61 85250
61 85261
61 85262
61 85264
61 85273
61 85290
61 85321
61 85324
61 85361
61 85364
61 85374
61 85450
61 85456
61 85476
61 85490
61 85502
61 85515
61 85538
61 85541
61 85546
61 85564
61 85569
61 85596
61 85598
61 85602
61 85618
61 85623
61 85625
61 85645
61 85698
61 85734
61 85751
61 85757
61 85913
61 85995
61 86065
61 86127
61 86128
61 86158
61 86212
61 86219
61 86254
61 86258
61 86317
61 86324
61 86353
61 86396
61 86397
61 86399
61 86403
61 86446
61 86452
61 86528
61 86547
61 86580
61 86604
61 86621
61 86636
61 86640
61 86652
61 86660
61 86664
61 86678
61 86734
61 86742
61 86769
61 86813
61 86853
61 86862
61 86877
61 86899
61 86918
61 86966
61 86967
61 86985
61 86992
61 87010
61 87094
61 87112
61 87115
61 87142
61 87185
61 87187
61 87227
61 87276
61 87310
61 87314
61 87353
61 87362
61 87368
61 87380
61 87419
61 87431
61 87434
61 87469
61 87485
61 87517
61 87531
61 87545
61 87570
61 87574
61 87647
61 87716
61 87780
61 87930
61 88034
61 88144
61 88145
61 88152
61 88172
61 88174
61 88180
61 88194
61 88195
61 88203
61 88206
61 88213
61 88231
61 88245
61 88254
61 88257
61 88263
61 88272
61 88292
61 88297
61 88339
61 88351
61 88357
61 88359
61 88361
61 88367
61 88439
61 88450
61 88457
61 88489
61 88502
61 88503
61 88513
61 88539
61 88556
61 88560
61 88572
61 88613
61 88617
61 88692
61 88699
61 88833
61 88898
61 88910
61 88927
61 88928
61 88930
61 88961
61 88970
61 88999
61 89010
61 89017
61 89037
61 89059
61 89072
61 89113
61 89154
61 89210
61 89244
61 89248
61 89252
61 89254
61 89262
61 89267
61 89269
61 89275
61 89285
61 89308
61 89321
61 89323
61 89329
61 89376
61 89403
61 89404
61 89406
61 89419
61 89455
61 89490
61 89492
61 89554
61 89572
61 89582
61 89635
61 89646
61 89678
61 89679
61 89716
61 89747
61 89772
61 89784
61 89819
61 89828
61 89831
61 89835
61 89848
61 89865
61 89869
61 89874
61 89903
61 89913
61 90048
61 90074
61 90092
61 90101
61 90126
61 90144
61 90176
61 90210
61 90227
61 90262
61 90278
61 90322
61 90326
61 90327
61 90335
61 90351
61 90352
61 90356
61 90360
61 90363
61 90432
61 90472
61 90502
61 90531
61 90548
61 90578
61 90581
61 90671
61 90707
61 90746
61 90747
61 90779
61 90780
61 90798
61 90802
61 90823
61 90833
61 90835
61 90836
61 90862
61 90893
61 90895
61 90899
61 90922
61 90984
61 90999
61 91010
61 91017
61 91056
61 91071
61 91078
61 91086
61 91091
61 91102
61 91155
61 91179
61 91186
61 91191
61 91192
61 91217
61 91218
61 91219
61 91225
61 91242
61 91245
61 91261
61 91277
61 91278
61 91286
61 91329
61 91339
61 91366
61 91375
61 91394
61 91419
61 91426
61 91435
61 91454
61 91456
61 91457
61 91501
61 91537
61 91601
61 91630
61 91642
61 91646
61 91658
61 91659
61 91664
61 91679
61 91697
61 91716
61 91735
61 91741
61 91766
61 91786
61 91819
61 91834
61 91880
61 91901
61 91930
61 91933
61 91948
61 91975
61 91981
61 91995
61 92039
61 92055
61 92111
61 92175
61 92198
61 92223
61 92259
61 92265
61 92283
61 92300
61 92306
61 92313
61 92321
61 92357
61 92366
61 92368
61 92383
61 92392
61 92428
61 92433
61 92453
61 92477
61 92479
61 92484
61 92509
61 92528
61 92541
61 92550
61 92555
61 92569
61 92570
61 92575
61 92589
61 92612
61 92631
61 92659
61 92662
61 92727
61 92735
61 92753
61 92773
61 92779
61 92780
61 92800
61 92802
61 92839
61 92840
61 92877
61 92889
61 92892
61 92907
61 92909
61 92946
61 92978
61 92988
61 93005
61 93006
61 93013
61 93021
61 93068
61 93115
61 93132
61 93166
61 93170
61 93171
61 93229
61 93265
61 93289
61 93295
61 93381
61 93401
61 93412
61 93429
