31 87
31 151
31 257
31 364
31 753
31 1057
31 1105
31 1148
31 1187
31 1253
31 1374
31 1506
31 1551
31 2156
31 2405
31 2419
31 2576
31 2887
31 3219
31 3399
31 3424
31 3675
31 3894
31 3930
31 4817
31 4979
31 5540
31 5775
31 5946
31 6137
31 6351
31 7197
31 7305
31 7349
31 7543
31 7803
31 7839
31 8550
31 8943
31 9221
31 9467
31 9475
31 9503
31 9718
31 9907
31 10944
31 11852
31 12476
31 12755
31 12900
31 13266
31 13516
31 13793
31 14192
31 14275
31 14377
31 14990
31 15057
31 15249
31 15311
31 15682
31 16932
31 17041
31 17125
31 17465
31 17636
31 17922
31 18095
31 18224
31 18478
31 18760
31 18966
31 19196
31 19262
31 19390
31 19620
31 19645
31 19840
31 19975
31 20047
31 20117
31 20799
31 20838
31 20993
31 21025
31 21432
31 21972
31 22125
31 22139
31 22772
31 22880
31 23084
31 23162
31 23215
31 23442
31 23506
31 23560
31 23651
31 23939
31 24092
31 24411
31 25338
31 25353
31 25475
31 25635
31 25751
31 26137
31 26522
32 354
32 1074
32 1092
32 1376
32 1593
32 1615
32 1643
32 1667
32 1828
32 1947
32 1998
32 2266
32 2536
32 2662
32 3057
32 3348
32 3429
32 3555
32 3737
32 3781
32 4384
32 4702
32 4772
32 4816
32 4881
32 5223
32 5364
32 6375
32 6837
32 6892
32 6900
32 7085
32 7312
32 7474
32 7829
32 8020
32 8137
32 8185
32 8212
32 8409
32 8691
32 8709
32 8917
32 8953
32 9018
32 9163
32 9190
32 9918
32 10175
32 10261
32 10278
32 10695
32 11212
32 11344
32 11391
32 11801
32 11874
32 12141
32 12245
32 12319
32 12332
32 12534
32 12929
32 13132
32 13313
32 13436
32 13647
32 13676
32 14153
33 414
33 609
33 855
33 917
33 1459
33 1734
33 1748
33 2024
33 2276
33 2391
33 2540
33 2719
33 2749
33 2847
33 2880
33 3093
33 3255
33 3357
33 3631
33 4091
33 4281
33 4532
33 4597
33 4663
33 4927
33 5035
33 5055
33 5147
33 5298
33 5682
33 6582
33 6889
33 7469
33 7802
33 7814
33 8163
33 8286
33 8604
33 8659
33 8970
33 9189
33 9321
33 9674
33 9789
33 9941
33 10567
33 10641
33 11056
33 11544
33 11971
33 12129
33 12230
33 12415
33 12504
33 12750
33 13473
33 14658
33 15312
33 15590
33 16003
33 16453
33 16590
33 17306
33 17376
33 17387
33 17495
33 17617
33 18621
33 19284
33 19340
33 19409
33 19450
33 19529
33 19555
33 20415
33 20514
33 20941
33 20973
33 21206
33 21432
33 21442
33 22147
33 22263
33 22282
33 22300
33 22335
33 22372
33 22419
33 22436
33 22603
33 22605
33 22741
33 22777
33 22831
33 23503
33 23629
33 23641
33 24157
33 24201
33 24231
33 24276
33 24342
33 24361
33 25089
33 25350
33 25677
33 26278
33 26692
33 27098
33 27378
33 27677
33 27907
33 29103
33 29770
33 29899
33 30294
33 30762
33 31548
33 32056
33 32516
33 32572
33 32671
33 32782
33 32805
33 32934
33 32935
33 33042
33 33896
33 33984
33 33987
33 34451
33 34569
33 34705
33 34716
33 34757
33 35355
33 35765
33 35807
33 36074
33 36118
33 36242
33 36780
33 36820
33 36854
33 36889
33 37387
33 37425
33 37443
33 37565
33 37868
33 38386
33 38739
33 38748
33 38843
33 38915
33 38954
33 39217
33 39231
33 39428
33 39612
33 39618
33 40367
33 40371
33 40460
34 5
34 279
34 982
34 2047
34 2210
34 2575
34 2849
34 3448
34 3560
34 3767
34 3876
34 4384
34 4535
34 4844
34 5010
34 5987
34 6294
34 6403
34 7199
34 7470
34 7706
34 8038
34 8421
34 8846
34 9671
34 10185
34 10489
34 10594
34 10686
34 10705
34 10791
34 10793
34 11148
34 11789
34 11872
34 12389
34 12691
34 13735
34 14057
34 14237
34 14530
34 14693
34 14951
34 15154
34 15323
34 16733
34 16822
34 17308
34 17441
34 17542
34 19210
34 19515
34 20334
34 20438
34 20722
34 20854
34 21106
34 22470
34 23256
34 23632
34 24081
34 24125
34 24264
34 25047
34 25260
34 25456
34 26845
34 27486
34 27693
34 28310
34 28694
34 29247
34 29319
34 30461
34 30615
34 32355
34 32501
34 32876
34 33008
34 33273
34 33919
34 33922
34 34040
34 34244
34 35302
34 35305
34 35623
34 35651
34 35902
34 36257
34 36478
34 36479
34 37016
34 37193
34 37242
34 37993
34 38417
34 38631
34 39369
34 39595
34 40124
35 395
35 575
35 2161
35 3306
35 3462
35 3641
35 3723
35 4004
35 4142
35 4452
35 4548
35 4702
35 4705
35 5192
35 5327
35 5572
35 6206
35 6276
35 6544
35 7151
35 7326
35 7330
35 7719
35 7723
35 7785
35 8301
35 8528
35 9113
35 9237
35 10176
35 10217
35 10612
35 10685
35 10737
35 11205
35 11241
35 11342
35 11449
35 13484
35 13723
35 14606
35 15035
35 15311
35 15397
35 15881
35 16209
35 16270
35 17452
35 17671
35 18120
35 20240
35 21100
35 21198
35 21455
35 21481
35 21545
35 21555
35 22185
35 22348
35 22411
35 22904
35 23442
35 23512
35 23721
35 24010
35 24585
35 26248
35 26309
35 26425
35 26539
35 26607
35 26777
35 26820
35 26842
35 27391
35 27631
35 27984
35 28760
35 29562
35 29989
35 30263
35 30380
