32 175
32 305
32 474
32 688
32 853
32 1298
32 1728
32 1909
32 2019
32 2099
32 2359
32 2462
32 2471
32 2927
32 3482
32 3633
32 4159
32 4985
32 5132
32 5602
32 5675
32 5707
32 6156
32 6606
32 6639
32 6893
32 7057
32 7063
32 7807
32 8232
32 8305
32 8331
32 8633
32 9670
32 9850
32 10311
32 10709
32 10750
32 11252
32 12154
32 12413
32 12466
32 12845
32 13026
32 13979
32 14286
39 68
39 774
39 834
39 2109
39 2731
39 3280
39 3798
39 4031
39 4239
39 4900
39 5692
39 5742
39 5849
39 6103
39 6264
39 6270
39 7192
39 7360
39 7574
39 7843
39 8001
39 8008
40 2280
40 3152
40 3179
40 3476
40 3478
40 3856
40 3975
40 4411
40 4575
40 4591
40 4689
40 4725
40 6361
40 6602
40 7234
40 7397
40 8242
40 8553
40 8756
40 9219
40 10290
40 10294
40 10408
40 10964
40 11335
40 11363
40 11387
40 11556
40 11922
40 12536
40 13620
40 13890
40 15589
40 15763
40 16014
40 16086
40 17030
40 17986
40 18632
40 18670
40 18687
40 18922
40 19308
40 19478
40 19966
40 20086
40 20293
40 20386
40 20878
40 20959
40 21073
40 21295
40 22804
40 23173
40 23355
40 24819
40 25819
40 25940
40 26805
40 27076
40 27549
31 433
31 731
31 950
31 1565
31 1667
31 2194
31 2198
31 2523
31 2808
31 3252
31 3900
31 4014
31 4547
31 4553
31 5120
31 5612
31 5902
31 6098
31 6506
31 6717
31 7102
31 7314
31 7461
31 7530
31 7616
31 7681
31 7723
31 8117
31 8159
31 8811
31 8859
31 8926
31 9027
31 9868
31 9927
31 10003
31 10952
31 11046
31 11117
31 11184
31 11273
31 12142
31 13094
31 13236
31 13385
31 13645
31 13655
31 13921
31 14071
31 14097
31 14176
31 14983
31 15127
31 15440
31 15944
31 16053
31 16875
31 17040
31 17353
31 17808
31 18009
31 18054
31 18336
31 18347
31 18900
31 19193
31 19961
31 20259
31 20280
31 21417
31 22263
31 22429
31 22493
31 22504
31 22868
31 22876
31 22884
31 23117
31 23452
31 23634
31 24137
31 24305
31 24597
31 24642
31 24805
31 24899
31 25274
31 25442
31 25796
31 25806
31 25974
31 26104
31 26241
31 26579
34 252
34 284
34 308
34 704
34 948
34 1592
34 1930
34 1976
34 2910
34 2922
34 3330
34 3447
34 3641
34 3697
34 4205
34 4456
34 4512
34 5064
34 5142
34 5524
34 5730
34 6022
34 6122
34 6151
34 6260
34 6418
34 6522
34 6888
34 7381
34 7948
34 8017
34 8190
34 9098
34 9265
34 9407
34 9738
34 9887
34 10059
34 10196
34 10670
34 11546
34 12239
34 12510
34 13121
34 13565
34 13640
34 13726
34 13782
34 14200
34 14260
34 14879
34 15176
34 16335
34 16712
34 17993
34 18790
34 18894
34 19223
34 19344
34 19727
34 20540
34 20746
34 20942
34 21056
34 21256
34 21417
34 21617
34 22026
34 22072
34 22432
34 23693
34 23762
34 24340
34 24981
34 25267
34 25379
34 25866
34 25931
34 25974
34 26787
34 27062
34 27184
34 28245
34 28292
34 28307
34 28602
34 28726
34 28803
34 29324
34 29870
34 30782
34 30943
34 31017
34 31156
34 32126
34 32436
34 32663
34 32895
34 33090
34 33127
34 33252
34 33307
34 34381
34 34490
34 34730
34 35832
34 35952
34 36528
34 37321
34 37515
34 37548
34 37601
34 38097
34 38129
34 38359
34 38676
34 39062
34 39357
34 39905
34 40003
33 334
33 526
33 662
33 682
33 1015
33 1186
33 1673
33 1951
33 2099
33 2122
33 2598
33 2689
33 2888
33 3237
33 3278
33 3332
33 4120
33 4174
33 4703
33 5093
33 5218
33 5752
33 6417
33 6521
33 7431
33 7538
33 7546
33 7768
33 7987
33 8233
33 8751
33 8849
33 8859
33 9053
33 9075
33 9100
33 9369
33 9495
33 9642
33 9659
33 9917
33 10439
33 11307
33 11380
33 11415
33 12068
33 12248
33 12584
33 12985
33 13074
33 13202
33 13608
33 13648
33 13760
33 13903
33 14017
33 14317
33 14471
33 14799
33 15030
33 15371
33 15591
33 15853
33 16077
33 16140
33 16683
33 16890
33 17246
33 17748
33 17896
33 18384
33 18445
33 18819
33 19007
33 19257
33 19264
33 19475
33 19490
33 19537
33 19729
33 19920
33 20621
33 20702
33 20722
33 20934
33 20993
33 21481
33 21721
33 21812
33 21964
33 21976
33 22923
33 23341
33 23423
33 23609
33 23720
33 23728
33 23974
33 24216
33 24450
33 24501
33 25117
33 25708
33 26484
33 27340
33 27413
33 27888
33 27979
33 28429
33 29294
33 29678
33 29833
33 29928
33 29976
33 30741
33 30937
33 31113
33 31621
33 31764
33 32180
33 32388
33 32735
33 32931
33 33165
33 33568
33 33876
33 33988
33 34181
33 34583
33 34832
33 35149
33 35786
33 35882
33 36068
33 36464
33 36898
33 37181
33 39945
33 40457
33 40601
33 40950
37 55
37 333
37 1123
37 1691
37 2502
37 2860
37 3834
37 4817
37 5924
37 6028
37 6124
37 6205
37 6249
37 6715
37 6734
37 7223
37 7799
37 8059
37 8166
37 8275
37 8328
37 8351
37 8579
37 9720
37 9875
37 10013
37 10316
37 11373
37 11541
37 11761
37 11793
37 12041
37 12075
37 12295
37 12403
37 13281
37 13445
37 13651
37 13702
37 13779
37 13784
37 13791
37 14672
37 15228
37 15387
37 15654
37 15989
37 16062
37 16107
37 16678
37 16828
37 16880
37 17474
37 17723
37 17985
37 18001
37 18534
37 18560
37 18780
37 19232
37 19705
37 19813
37 19826
37 20136
37 20565
37 20737
37 20884
37 20892
37 21986
37 22334
37 22399
37 22400
37 22516
37 22678
37 23233
37 23298
37 23761
37 23783
37 24030
37 24182
37 24218
37 25271
37 25462
37 25644
37 25824
37 25975
37 26272
37 26492
37 26583
37 26694
37 27093
37 27391
37 27432
37 27484
37 27519
37 27566
37 27977
37 28101
37 28267
37 28759
37 28910
37 29331
37 29659
37 29668
37 30140
37 30656
37 30928
37 30991
37 31051
37 31204
37 31769
37 31791
37 32010
37 32038
37 32057
37 32187
37 33353
37 33571
37 34316
37 34885
37 34887
37 35005
37 35105
37 35647
37 35672
37 36043
37 36091
37 36192
37 36335
37 36465
37 36913
37 37382
37 37617
37 37658
37 37706
37 37757
37 38053
37 38288
37 38512
37 38535
37 38815
37 39364
37 39383
37 40071
37 40170
37 40690
37 40713
37 42015
37 42086
37 43115
37 43134
37 43359
37 43494
37 43716
37 43737
37 45109
37 45152
37 45159
37 45317
37 45414
37 45989
37 46967
37 47316
37 47470
37 47674
37 47696
37 47698
37 47770
37 47915
37 47978
37 48176
37 48518
38 81
38 91
38 441
38 472
38 497
38 811
38 1010
38 1188
38 1409
38 1438
38 1543
38 1551
38 1625
38 1690
38 1767
38 1968
38 2331
38 2500
38 2953
38 3031
38 3086
38 4194
38 4247
38 4287
38 4307
38 4339
38 4383
38 4624
38 4722
38 5036
38 5103
38 5614
38 5659
38 5896
38 6318
38 7400
38 7426
38 7561
38 7585
38 7849
38 8476
38 8928
38 8994
38 9198
38 9690
38 9835
38 10587
38 11427
38 11616
38 11919
38 12189
38 12241
38 12695
38 12992
38 13113
38 13298
38 13467
38 13857
38 14269
38 14288
38 14604
38 15010
38 15230
38 15268
38 15332
38 15373
38 15387
38 15592
38 15775
38 16126
38 16217
38 16297
38 16973
38 17197
38 17450
38 17520
38 17610
38 18556
38 20441
38 20722
38 20873
38 21155
38 21507
38 21925
38 22183
38 22814
38 23292
38 23322
38 23587
38 24062
38 24130
38 24297
38 24885
38 25314
38 25428
38 25588
38 25942
38 26106
38 26253
38 26295
38 26448
38 26923
38 27411
38 27426
38 27726
38 27878
38 28344
38 28524
38 28733
38 28856
38 28934
38 29034
38 29606
38 29826
38 30258
38 30764
38 30971
38 32101
38 32118
38 33784
38 33816
38 33964
38 34184
38 34508
38 35239
38 35283
38 35446
38 35458
38 35604
38 35771
38 36007
38 36129
38 36165
38 36288
38 36289
38 36431
38 37824
38 38498
38 38598
38 38701
38 39007
38 39033
38 39445
38 39583
38 39813
38 39925
38 40051
38 40100
38 40409
38 40658
38 41481
38 41928
38 42204
38 42303
38 42860
38 43437
38 43559
38 43631
38 43761
38 44344
38 44383
38 44502
38 44811
38 44953
38 45393
38 45696
38 46295
38 46441
38 46672
38 47234
38 47702
38 47804
38 48031
38 48380
38 48682
38 48888
38 49092
38 49513
36 56321
36 57042
36 57209
36 57361
36 57633
36 58047
36 58273
36 58924
36 58977
36 59092
36 59294
36 59897
36 60027
36 60181
36 60613
36 60698
36 61157
36 61481
36 62999
36 63364
36 63452
36 63675
36 63958
36 64031
36 64074
36 64512
36 64968
36 65065
36 65866
36 66206
36 66301
36 67271
36 68084
36 68498
36 69007
36 69412
36 69659
36 69863
36 69931
36 69982
36 70519
36 70926
36 71194
36 71232
35 32
35 377
35 582
35 866
35 1134
35 1204
35 1291
35 2236
35 2244
35 2546
35 3160
35 3354
35 5076
35 5394
35 5419
35 5640
35 6057
35 7618
35 8210
35 9244
35 9318
35 9621
35 10034
35 10094
35 10164
35 10187
35 10283
35 10335
35 11362
35 11586
35 11750
35 12199
35 12208
35 12644
35 12821
35 12843
35 13129
35 13989
35 14519
35 14771
35 14942
35 15242
35 15315
35 15434
35 15710
35 15765
35 15909
35 16142
35 16742
35 17365
35 17640
35 18030
35 18225
35 18586
35 18851
35 19076
35 19205
35 19418
35 19617
35 19765
35 20052
35 20488
35 20526
35 21442
35 22421
35 22945
35 25475
35 26062
35 26554
35 26635
35 26919
35 27254
35 27324
35 27500
35 27729
35 28685
35 28929
35 29074
35 29080
35 30093
47 6903
47 6928
47 8422
47 8683
47 8760
47 16468
47 19309
47 24452
47 25881
47 28441
47 30285
47 36767
47 37451
47 38541
47 41145
47 41854
47 45429
47 47086
47 49198
47 49325
47 51504
47 58587
47 58864
47 60748
47 63480
47 63673
47 65030
47 65868
47 66310
47 70271
47 71952
47 73308
47 76551
47 81222
47 91964
47 100787
47 104736
47 109387
47 112722
47 113167
47 119001
47 121017
47 128288
47 131680
47 131836
47 135256
47 136394
47 139542
47 148330
47 149141
47 154963
47 155029
36 347
36 405
36 481
36 1024
36 1058
36 1073
36 1936
36 2741
36 2864
36 2905
36 3184
36 3420
36 3943
36 4011
36 4063
36 4109
36 4196
36 4476
36 4970
36 4974
36 5079
36 5371
36 5420
36 5472
36 5720
36 6464
36 7113
36 7177
36 7283
36 7832
36 9693
36 9786
36 10007
36 10205
36 10224
36 10305
36 10514
36 10882
36 10990
36 11792
36 12177
36 12318
36 12331
36 12343
36 12519
36 12574
36 12821
36 13306
36 13506
36 13676
36 14284
36 14395
36 14461
36 14799
36 14999
36 16250
36 16458
36 16572
36 16697
36 16757
36 16982
36 17069
36 17255
36 17412
36 18532
36 19046
36 19592
36 20142
36 20574
36 20631
36 20838
36 21184
36 21231
36 21320
36 21516
36 22367
36 22562
36 22816
36 22866
36 23052
36 23348
36 23431
36 23870
36 24501
36 25149
36 25276
36 25308
36 25986
36 26102
36 26316
36 26464
36 26888
36 27227
36 27793
36 28279
36 28732
36 28913
36 29130
36 29322
36 29876
36 30682
36 30833
36 30925
36 31092
36 31274
36 31573
36 32460
36 33280
36 33316
36 33592
36 33879
36 33944
36 33948
36 34114
36 35283
36 35596
36 35854
36 36021
36 36163
36 36179
36 36254
36 36517
36 36755
36 36829
36 37206
36 37559
36 38946
36 38993
36 39636
36 39679
36 40639
36 40862
36 41328
36 41355
36 41453
36 41694
36 41989
36 42168
36 42248
36 42667
36 42792
36 43223
36 43493
36 43828
36 43908
36 44916
36 45107
36 45956
36 46092
36 47889
36 48584
36 49200
36 49233
36 49913
36 50251
36 50518
36 51199
36 51254
36 51361
36 51742
36 51794
36 51797
36 52402
36 52404
36 52412
36 53394
36 53733
36 53859
36 54266
36 54524
36 54776
36 55230
36 55428
36 55444
36 55701
36 55731
48 1747
48 1830
48 2435
48 5059
48 5144
48 6119
48 7312
48 9294
48 10240
48 15129
48 15146
48 15722
48 16713
48 17208
48 19009
48 19740
48 21660
48 21945
48 32631
48 33274
48 33801
48 38375
48 38830
48 44078
48 45492
48 48890
48 55521
48 56652
48 57682
48 60887
48 61181
48 61274
48 62564
48 64315
48 66793
48 72451
48 75421
48 75954
48 77723
48 78658
48 79330
48 80934
48 81104
48 81321
48 83300
48 87864
48 88724
48 89742
48 94120
48 95078
48 99146
48 101603
48 102983
48 105121
48 106079
48 107050
48 108075
48 117359
48 120488
48 121973
48 124855
48 126258
48 132134
48 132319
48 134867
48 134999
48 135908
48 140868
