33 16791
33 16939
33 17023
33 17034
33 17040
33 17094
32 56
32 105
33 17163
33 17176
33 17183
33 17185
32 183
33 17256
32 204
32 232
33 17316
33 17332
32 273
32 278
32 289
33 17425
33 17431
32 317
32 319
33 17691
32 510
33 17719
33 17728
32 527
32 543
32 582
33 17831
33 17884
33 17903
35 20005
32 726
35 20020
33 17940
33 17956
35 20047
33 18000
35 20091
32 806
33 18063
33 18064
35 20135
35 20140
33 18091
35 20219
35 20244
35 20303
35 20408
33 18251
35 20427
33 18325
32 1125
35 20495
33 18397
32 1137
35 20570
35 20571
33 18453
35 20619
32 1206
32 1229
32 1234
33 18519
32 1262
35 20723
33 18557
35 20754
32 1290
33 18563
35 20791
35 20848
35 20865
33 18652
33 18655
35 20931
33 18708
35 20942
35 20993
33 18810
35 21023
35 21051
33 18843
33 18874
35 21073
35 21130
33 18939
32 1588
32 1598
33 18960
33 18998
32 1656
32 1695
32 1716
33 19083
33 19101
35 21351
32 1732
32 1733
32 1745
35 21415
35 21420
33 19176
32 1816
32 1840
35 21482
33 19224
35 21530
35 21541
33 19267
32 1987
35 21613
35 21634
33 19288
32 2018
35 21705
32 2091
35 21742
32 2093
35 21763
35 21841
35 21896
35 21933
33 19527
35 21977
35 21981
35 22009
33 19576
33 19602
33 19623
32 2317
32 2343
32 2350
33 19765
33 19789
35 22258
33 19811
35 22322
32 2482
32 2511
33 19911
32 2569
35 22476
32 2583
32 2603
35 22524
32 2625
33 19989
33 19991
33 20008
33 20009
33 20041
32 2679
35 22601
35 22657
35 22676
33 20147
33 20150
33 20162
33 20165
35 22760
33 20235
33 20264
32 2855
33 20296
35 22874
32 2912
35 22938
35 22947
35 22966
33 20488
33 20519
32 3082
32 3083
35 23110
32 3138
32 3140
35 23208
32 3244
32 3245
35 23266
35 23267
33 20725
33 20770
32 3321
32 3328
35 23370
35 23395
35 23416
33 20836
33 20851
32 3433
33 20873
32 3434
33 20886
32 3558
33 21019
33 21026
33 21094
33 21118
32 3654
33 21180
32 3670
35 23857
35 23896
35 23901
33 21297
33 21320
32 3839
35 24036
32 3865
35 24125
35 24183
35 24200
32 3962
32 3970
35 24210
33 21484
35 24255
33 21590
33 21677
33 21679
35 24324
35 24327
35 24341
32 4164
35 24420
32 4219
32 4258
33 21823
33 21838
33 21846
33 21858
33 21893
32 4326
35 24552
33 21914
33 21952
33 21962
32 4367
32 4399
32 4409
33 21974
32 4410
32 4412
33 21985
35 24660
35 24666
35 24669
32 4427
33 22051
35 24759
33 22128
32 4486
33 22151
32 4493
35 24837
33 22207
32 4537
33 22250
35 24875
35 24901
32 4561
33 22315
35 24983
35 25047
33 22416
35 25086
33 22443
33 22460
33 22485
35 25161
32 4765
33 22530
35 25234
35 25280
32 4912
32 4935
35 25436
35 25445
35 25480
35 25557
35 25568
35 25582
32 5083
35 25619
32 5108
35 25659
35 25671
32 5149
32 5157
32 5159
33 22989
35 25762
35 25764
35 25765
33 23009
32 5219
33 23129
33 23139
33 23150
32 5281
35 25928
35 25968
32 5357
35 25984
33 23313
32 5380
32 5388
35 26003
35 26012
33 23375
32 5451
35 26103
35 26138
33 23515
35 26181
35 26223
33 23638
33 23705
32 5644
32 5654
32 5660
35 26331
35 26375
35 26394
35 26407
35 26413
33 23880
33 23887
32 5752
35 26429
35 26451
35 26453
35 26463
32 5765
35 26467
33 23947
32 5800
32 5815
33 23988
33 24042
33 24068
33 24073
33 24150
33 24151
35 26642
32 6041
32 6044
3335 24220

33 24232
33 24256
33 24318
35 26746
32 6095
33 24330
32 6120
32 6140
33 24353
35 26811
33 24387
33 24414
35 26871
32 6189
35 26894
33 24451
33 24456
32 6206
33 24476
32 6226
32 6257
35 26972
33 24555
35 27001
33 24612
32 6338
35 27058
33 24674
33 24676
32 6353
32 6361
32 6367
35 27134
33 24807
33 24828
32 6452
32 6462
33 24916
33 24919
32 6520
33 25137
35 27438
32 6669
35 27466
33 25243
33 25266
35 27470
33 25277
33 25285
32 6712
33 25345
35 27520
33 25400
33 25416
33 25417
32 6747
32 6754
35 27646
35 27647
33 25525
32 6820
35 27703
32 6823
32 6838
32 6842
35 27724
32 6854
35 27914
35 27954
32 6942
32 6946
33 25769
32 6950
33 25785
33 25801
32 6982
32 7008
33 25868
35 28087
32 7054
32 7084
32 7090
35 28181
33 25975
32 7103
35 28225
33 25999
32 7128
35 28247
33 26035
32 7187
32 7230
33 26100
33 26159
32 7247
35 28449
33 26206
32 7290
32 7404
33 26341
32 7408
32 7414
33 26345
33 26393
33 26423
35 28679
35 28701
35 28752
32 7531
32 7552
33 26494
35 28771
35 28799
35 28803
33 26556
32 7580
32 7628
32 7683
35 28913
33 26609
35 28994
35 29039
32 7803
32 7816
35 29100
33 26785
33 26793
33 26821
35 29178
35 29212
32 7962
35 29217
33 26860
32 8018
35 29325
35 29335
35 29358
32 8057
33 26988
35 29401
33 27019
33 27110
32 8154
35 29549
32 8204
32 8211
35 29587
33 27159
35 29610
32 8240
35 29651
35 29670
33 27230
35 29701
35 29703
35 29706
35 29727
35 29743
32 8352
33 27359
32 8376
32 8390
35 29835
35 29851
35 29853
35 29856
33 27426
32 8428
35 29890
32 8447
33 27518
33 27523
32 8514
33 27526
35 29983
32 8564
32 8594
35 30107
35 30121
35 30141
33 27736
35 30150
33 27775
33 27817
35 30257
33 27927
35 30281
35 30286
33 27988
33 28045
32 8790
35 30381
33 28116
32 8920
33 28303
32 8940
32 9004
32 9019
32 9030
33 28853
33 28854
33 28868
32 9114
32 9119
33 28902
32 9137
33 28913
32 9161
32 9192
33 28994
33 28996
33 29082
32 9320
32 9350
32 9406
33 29242
32 9466
33 29314
33 29325
32 9515
32 9523
32 9574
32 9587
32 9594
32 9597
32 9684
32 9701
33 29526
33 29541
33 29550
32 9721
32 9728
33 29611
33 29619
33 29637
33 29663
32 9821
33 29721
33 29739
32 9869
33 29824
33 29826
34 60
33 29843
32 9932
34 142
32 9967
34 191
32 9986
32 10038
34 256
34 285
33 30024
33 30025
34 313
34 331
33 30043
34 350
34 353
34 381
34 418
33 30134
34 429
32 10234
34 513
34 533
32 10299
34 553
33 30276
32 10310
34 565
34 588
32 10325
33 30333
33 30336
33 30348
33 30358
32 10455
33 30419
34 722
34 784
33 30493
33 30512
33 30525
34 848
33 30556
33 30563
32 10623
33 30624
34 1031
33 30696
34 1054
32 10755
33 30815
34 1148
33 30817
32 10878
32 10879
34 1233
32 10921
32 10940
32 11036
32 11041
33 31037
34 1403
34 1478
34 1540
32 11197
34 1563
32 11236
34 1602
34 1642
34 1648
32 11292
34 1784
34 1790
34 1795
33 31365
33 31376
33 31384
32 11444
32 11451
33 31419
34 1894
32 11511
32 11522
34 2051
34 2099
32 11628
34 2120
34 2137
34 2138
32 11667
32 11676
32 11682
32 11702
33 31692
34 2223
34 2242
34 2271
32 11798
33 31816
32 11820
34 2374
33 31837
32 11832
32 11847
33 31873
33 31881
32 11873
32 11876
34 2529
34 2562
34 2567
33 32031
33 32077
34 2592
34 2746
33 32263
34 2810
32 12152
34 2868
32 12170
34 2875
34 2902
33 32328
32 12198
33 32358
32 12223
33 32402
32 12251
34 2990
34 3027
34 3032
34 3053
33 32461
32 12335
32 12338
32 12363
33 32534
33 32556
34 3205
32 12417
33 32579
34 3223
32 12457
34 3236
34 3270
33 32613
32 12506
34 3309
33 32683
33 32691
33 32767
34 3424
32 12603
33 32817
33 32839
32 12639
32 12675
32 12699
33 32887
32 12711
34 3605
34 3642
33 32965
34 3717
32 12832
34 3743
34 3762
34 3781
32 12899
33 33155
34 3826
34 3854
32 12954
32 12961
32 13041
34 3976
34 4018
34 4030
32 13084
32 13088
33 33434
34 4094
33 33494
34 4169
32 13145
33 33525
34 4202
33 33586
34 4247
32 13202
33 33665
32 13215
33 33666
34 4293
34 4333
33 33702
33 33745
33 33767
32 13324
34 4478
33 33916
34 4527
34 4537
32 13375
34 4563
34 4581
32 13411
33 33999
33 34002
34 4634
33 34070
34 4690
33 34084
33 34104
34 4713
34 4760
33 34125
33 34144
32 13604
32 13612
33 34199
34 4903
32 13623
33 34241
32 13628
34 4975
33 34273
34 5026
33 34299
33 34352
33 34359
32 13733
33 34446
32 13850
34 5280
34 5362
32 13916
32 13921
33 34493
32 13934
34 5394
32 13956
34 5444
32 13984
34 5452
32 13986
32 14026
33 34520
32 14054
34 5615
34 5641
34 5644
32 14180
34 5677
32 14199
34 5695
32 14247
34 5767
34 5795
33 34709
34 5875
33 34769
34 5911
34 5947
33 34815
33 34876
34 6047
33 34913
34 6059
34 6072
34 6134
33 35021
33 35026
33 35045
33 35047
34 6203
34 6206
33 35159
34 6283
33 35225
34 6316
33 35266
33 35271
33 35286
33 35308
34 6394
34 64523 35377
34 6475
33 35454
34 6571
33 35487
34 6602
33 35517
34 6668
34 6700
33 35649
34 6713
34 6727
34 6740
33 35755
33 35762
34 6867
34 6905
31 43
31 58
31 66
31 137
34 7131
33 36135
31 229
31 237
34 7263
34 7272
31 258
31 279
34 7286
34 7295
31 317
34 7392
31 398
33 36450
31 410
31 443
34 7446
34 7474
34 7513
34 7560
33 36647
34 7598
31 596
33 36677
33 36684
34 7648
34 7656
31 662
31 678
33 36783
31 701
31 702
33 36878
34 7750
34 7778
33 36941
33 36943
31 799
34 7843
33 36968
34 7844
34 7870
31 846
34 7913
31 858
34 7938
34 7962
31 917
31 920
31 937
33 37140
34 8057
31 1004
31 1077
31 1093
33 37323
33 37381
34 8221
31 1173
33 37456
34 8270
33 37507
33 37539
34 8324
33 37546
33 37585
31 1298
34 8412
31 1314
33 37614
33 37637
33 37649
33 37687
34 8527
31 1403
33 37736
34 8547
33 37884
33 37896
31 1494
33 37964
33 37997
34 8795
31 1583
33 38027
34 8925
31 1648
34 9034
33 38168
31 1761
33 38174
34 9059
31 1823
31 1836
34 9135
33 38274
34 9155
31 1877
33 38375
33 38419
34 9250
31 1950
33 38459
34 9319
34 9372
34 9388
33 38597
33 38617
33 38628
34 9495
34 9519
31 2210
34 9556
31 2323
31 2346
31 2363
31 2371
34 9707
33 38880
34 9765
33 38962
31 2480
34 9809
34 9820
33 38997
34 9903
31 2544
31 2545
31 2557
33 39157
31 2581
31 2591
33 39223
31 2613
34 10039
34 10045
31 2657
33 39265
31 2668
34 10092
34 10105
33 39289
33 39296
34 10111
34 10137
34 10146
34 10153
31 2774
33 39385
33 39407
34 10289
33 39525
34 10324
33 39568
31 2966
34 10456
31 2967
34 10480
34 10493
33 39688
31 3005
31 3009
31 3013
34 10552
34 10558
34 10570
33 39752
31 3106
33 39900
31 3125
33 39949
34 10684
34 10719
33 39998
33 40071
34 10798
33 40157
33 40169
34 10865
31 3327
33 40202
34 10900
31 3342
33 40263
33 40268
33 40271
33 40290
34 10987
34 11090
31 3454
31 3457
34 11103
34 11111
33 40451
31 3504
33 40463
34 11160
33 40484
31 3539
34 11187
31 3582
31 3589
31 3590
31 3599
34 11240
34 11264
34 11289
34 11302
31 3660
31 3662
34 11359
33 40780
31 3713
34 11447
33 40907
31 3824
33 40969
34 11537
33 40976
31 3863
34 11539
31 3878
34 11687
34 11693
34 11703
34 11733
31 4145
31 4156
34 11899
31 4181
31 4188
34 11930
34 11985
34 11986
31 4295
31 4330
34 12108
34 12115
31 4349
34 12145
31 4390
31 4396
31 4419
31 4447
34 12257
34 12324
34 12332
31 4519
31 4534
31 4545
31 4551
34 12409
34 12428
34 12445
31 4698
34 12579
34 12583
31 4732
31 4750
34 12585
34 12639
31 4789
34 12660
34 12728
31 4853
34 12729
31 4867
31 4874
34 12755
31 4916
34 12778
34 12784
31 4960
31 4983
31 4996
31 5053
31 5097
31 5173
34 13111
31 5305
31 5364
31 5368
31 5388
31 5409
34 13437
31 5439
31 5449
31 5466
34 13471
31 5527
34 13571
31 5598
34 13619
31 5620
31 5661
34 13704
34 13712
34 13715
31 5763
34 13920
34 14010
34 14018
31 5976
34 14104
31 5982
34 14146
34 14148
34 14161
34 14166
34 14167
34 14190
34 14224
31 6077
34 14292
31 6147
31 6157
34 14391
31 6243
31 6259
31 6268
31 6317
34 14513
31 6348
34 14583
34 14587
34 14611
34 14615
31 6433
31 6438
31 6489
34 14736
34 14744
31 6495
31 6520
34 14851
31 6575
31 6629
31 6655
31 6677
34 15078
34 15103
34 15117
34 15165
31 6737
34 15288
31 6826
34 15303
34 15325
31 6850
34 15400
34 15446
34 15455
34 15530
31 7042
31 7045
34 15617
31 7058
34 15648
31 7142
31 7160
34 15906
31 7245
31 7257
31 7274
31 7326
34 16082
31 7422
34 16136
34 16159
31 7473
34 16220
31 7529
31 7636
34 16495
34 16523
31 7708
34 16544
34 16643
34 16652
34 16671
31 7833
34 16729
31 7868
34 16783
34 16784
34 16911
31 8153
31 8202
31 8244
34 17122
34 17189
31 8352
34 17342
34 17377
34 17406
31 8592
34 17522
34 17553
31 8664
34 17574
34 17625
34 17681
31 8756
31 8769
34 17743
31 8823
34 17752
34 17778
31 8875
31 8878
34 17901
34 18041
34 18142
31 9095
34 18162
31 9119
34 18190
34 18191
34 18228
34 18393
34 18416
34 18487
34 18492
34 18520
31 9399
31 9432
34 18624
31 9490
34 18700
34 18715
34 18717
34 18754
31 9568
34 18803
31 9594
31 9607
31 9645
31 9650
31 9685
34 19010
34 19039
31 9698
31 9758
34 19108
34 19113
34 19120
34 19206
31 9825
34 19238
31 9864
31 9871
34 19274
31 9886
34 19353
34 19456
31 9988
34 19486
34 19534
34 19574
31 10064
31 10067
31 10079
34 19631
34 19639
31 10151
34 19684
34 19692
34 19701
34 19714
34 19734
31 10202
31 10236
34 19944
31 10353
34 19994
31 10393
31 10440
34 20111
34 20123
34 20206
31 10527
34 20311
31 10582
31 10611
34 20496
34 20512
31 10675
34 20536
34 20539
31 10691
31 10715
31 10716
34 20572
34 20608
31 10747
31 10776
34 20647
34 20650
31 10829
31 10848
31 10904
31 10906
31 10920
31 10930
34 20781
34 20804
34 20819
31 10985
34 20847
31 11002
31 11008
34 20877
31 11052
34 20958
34 20971
34 20981
34 20984
31 11099
31 11109
31 11139
34 21117
34 21127
34 21207
31 11284
31 11292
31 11305
31 11312
34 21319
34 21342
34 21352
34 21364
34 21434
31 11407
34 21520
31 11447
34 21592
31 11550
31 11625
31 11635
34 21764
31 11636
34 21811
31 11726
34 21837
31 11827
34 21970
34 21998
34 22014
31 11898
31 11917
31 11923
31 11940
31 11980
31 12003
31 12092
34 22235
34 22267
31 12123
31 12184
34 22382
34 22405
34 22447
34 22489
31 12262
31 12296
34 22650
31 12377
34 22676
34 22689
34 22745
34 22776
31 12495
31 12508
31 12512
31 12568
34 22867
34 22917
31 12619
34 22976
34 22996
34 23002
34 23045
34 23085
34 23106
31 12779
34 23108
31 12848
31 12852
34 23186
31 12970
31 12985
34 23316
31 13058
34 23336
31 13150
34 23499
34 23568
34 23652
31 13256
34 23660
31 13297
31 13306
34 23741
34 23746
34 23775
34 23814
34 23895
31 13496
31 13518
31 13520
31 13548
31 13591
31 13601
34 24201
34 24266
34 24267
34 24307
34 24317
31 13750
31 13885
31 13899
31 13913
31 13922
34 24594
31 13931
34 24681
34 24733
31 14021
31 14023
34 24734
34 24755
34 24841
31 14170
34 24958
31 14195
31 14207
34 25002
31 14254
34 25051
31 14302
34 25226
31 14364
34 25262
34 25274
31 14469
34 25397
34 25514
34 25546
31 14612
34 25573
31 14670
31 14716
34 25678
34 25709
31 14766
31 14802
34 25799
34 25812
34 25835
31 14914
34 25935
31 14986
34 25990
31 15030
31 15069
34 26084
31 15165
31 15250
34 26260
34 26269
31 15278
31 15283
34 26314
34 26340
34 26398
31 15324
31 15344
31 15347
34 26406
34 26420
31 15356
31 15371
31 15372
31 15405
31 15413
31 15424
31 15428
31 15481
34 26631
31 15596
31 15618
31 15673
31 15704
34 26835
31 15728
31 15753
34 26925
31 15781
34 26954
34 26982
31 15849
34 27049
34 27155
34 27246
34 27273
34 27351
31 16170
34 27399
34 27421
34 27449
34 27458
31 16235
34 27590
34 27598
31 16311
34 27665
34 27687
31 16385
31 16399
31 16406
34 27756
31 16427
34 27838
31 16468
31 16501
31 16545
34 27960
34 27967
34 28014
34 28027
31 16603
34 28078
34 28085
34 28279
34 28287
31 16803
31 16873
34 28374
34 28411
31 16960
34 28517
34 28595
31 17051
34 28624
31 17059
34 28682
34 28707
34 28739
31 17119
34 28830
31 17173
34 28849
31 17211
31 17235
31 17257
31 17265
31 17270
34 28970
31 17307
34 29019
31 17325
31 17337
31 17343
31 17420
31 17422
34 29220
34 29232
31 17463
31 17469
31 17482
31 17506
31 17525
34 29317
31 17537
31 17553
34 29352
34 29353
34 29363
34 29402
34 29446
31 17630
31 17648
31 17673
34 29528
31 17774
31 17781
34 29604
34 29617
34 29636
34 29663
31 17842
31 17869
31 17946
34 29888
34 29931
31 18108
34 29979
31 18247
34 30233
31 18315
31 18344
34 30274
34 30330
31 18394
31 18425
34 30385
34 30401
31 18438
34 30409
31 18495
34 30422
34 30441
31 18498
31 18514
34 30475
31 18582
34 30579
34 30612
34 30668
34 30690
31 18694
31 18722
34 30735
31 18748
31 18853
34 30885
31 18902
34 30956
34 30975
34 30991
31 18939
31 18963
31 18969
31 19005
31 19034
31 19040
34 31187
31 19098
31 19127
34 31297
34 31323
31 19261
34 31395
31 19284
34 31435
31 19304
34 31455
31 19394
31 19423
31 19476
31 19518
31 19574
31 19689
34 31869
31 19713
34 31882
34 31927
31 19776
31 19853
34 32087
31 19885
31 19914
31 19948
34 32180
34 32214
34 32241
34 32259
31 19969
34 32306
31 20004
31 20017
34 32348
31 20080
34 32396
34 32489
31 20140
34 32526
34 32528
34 32560
31 20199
31 20236
31 20250
34 32610
34 32652
31 20363
34 32752
34 32907
31 20643
31 20656
34 33082
31 20731
31 20732
31 20809
34 33195
31 20886
31 20896
34 33263
31 20925
34 33286
31 20948
34 33356
31 20996
34 33483
34 33536
31 21266
31 21287
34 33602
31 21306
31 21354
34 33694
34 33751
31 21411
34 33803
31 21459
34 33820
34 33827
34 33861
34 33885
34 33917
31 21520
31 21539
31 21559
34 34017
34 34019
31 21670
31 21672
34 34070
31 21679
34 34073
31 21699
31 21827
31 21852
31 21864
31 21884
34 34223
31 21934
34 34249
34 34259
31 21979
34 34280
31 21992
34 34294
34 34319
31 22049
31 22069
31 22070
31 22092
34 34411
31 22119
34 34495
31 22170
34 34520
31 22251
34 34589
31 22301
31 22363
31 22375
34 34708
34 34746
34 34750
31 22475
31 22492
31 22500
31 22546
34 34825
31 22585
31 22603
31 22609
34 34877
34 34893
31 22736
31 22767
34 34965
34 35041
34 35045
34 35208
31 23149
34 35243
34 35293
31 23337
31 23344
34 35418
34 35423
31 23370
31 23412
31 23413
34 35462
31 23429
34 35480
34 35526
31 23495
31 23510
34 35598
31 23613
34 35605
34 35606
34 35662
31 23735
34 35719
34 35739
34 35749
31 23853
34 35796
34 35836
34 35838
34 35843
31 24009
34 35916
34 35934
34 35941
31 24051
31 24072
31 24076
31 24101
34 36021
31 24128
31 24163
31 24180
31 24209
31 24255
31 24315
31 24391
31 24405
31 24433
31 24457
34 36334
34 36360
34 36374
34 36413
34 36482
34 36493
31 24667
34 36556
31 24747
31 24778
34 36634
31 24848
34 36695
34 36727
34 36773
31 25019
31 25042
34 36897
31 25162
31 25175
34 36947
31 25286
31 25357
34 37100
31 25493
31 25498
31 25499
34 37163
31 25562
34 37223
34 37281
34 37305
31 25666
34 37340
31 25696
34 37368
34 37372
34 37377
31 25752
34 37380
34 37436
31 25835
34 37445
31 25971
31 26024
34 37616
31 26114
31 26191
31 26234
31 26250
34 37795
31 26272
34 37829
31 26403
31 26412
31 26514
34 37951
34 37977
34 37982
34 37994
31 26573
34 38008
31 26607
34 38064
34 38176
34 38187
34 38390
34 38418
34 38507
34 38521
34 38545
34 38570
34 38705
34 38724
34 38741
34 38767
34 38776
34 38807
34 38823
34 38857
34 38864
34 38867
34 38905
35 3
35 19
34 39025
34 39046
34 39056
35 81
35 83
34 39085
34 39202
35 271
34 39352
35 356
34 39416
34 39425
35 411
34 39466
34 39470
35 457
35 471
35 536
34 39584
34 39604
35 615
34 39717
34 39748
35 680
34 39773
35 816
34 39934
34 39940
35 851
35 867
34 39955
34 39973
34 39984
35 906
35 1062
35 1142
35 1147
35 1206
35 1328
35 1347
35 1359
35 1431
35 1550
35 1646
35 1675
35 1741
35 1816
35 1826
35 1971
35 2111
35 2207
35 2241
35 2243
35 2289
35 2322
33 34
35 2480
35 2523
33 76
33 78
33 100
35 2585
35 2587
33 123
33 167
33 187
33 237
33 273
35 2859
33 303
33 328
35 2947
35 3018
33 389
35 3026
33 509
33 542
33 559
33 575
33 582
35 3287
33 623
35 3352
35 3412
33 701
35 3461
33 820
33 858
33 880
33 899
33 924
35 3677
35 3711
35 3745
35 3748
33 1018
35 3764
33 1022
35 3852
33 1113
33 1124
35 3987
35 4068
33 1409
35 4186
35 4276
33 1507
33 1532
33 1614
33 1670
33 1692
35 4544
35 4587
33 1745
35 4633
35 4640
35 4659
35 4663
33 1796
35 4672
33 1831
33 1865
35 4784
35 4852
35 4860
33 1959
33 1993
33 2001
35 4926
35 4982
35 5001
35 5025
35 5085
33 2231
35 5229
33 2313
33 2497
35 5558
35 5569
35 5604
33 2631
33 2642
35 5665
35 5699
35 5714
33 2759
35 5817
33 2858
33 2862
35 5899
35 5914
33 2881
33 2885
33 2892
33 2916
35 5947
33 2943
35 6000
35 6050
33 3082
33 3105
33 3124
33 3177
33 3183
35 6278
35 6296
33 3208
33 3225
33 3250
33 3269
35 6385
33 3316
35 6489
33 3382
33 3399
33 3434
33 3437
35 6655
33 3484
35 6771
35 6786
33 3572
35 6818
35 6856
33 3753
33 3870
35 7226
35 7252
33 3983
35 7309
33 3991
33 3995
33 3999
35 7380
33 4026
35 7466
35 7495
35 7530
35 7531
33 4107
35 7605
35 7678
35 7715
33 4356
33 4417
35 7819
33 4478
35 7867
33 4514
33 4536
33 4548
33 4575
35 7981
35 8037
33 4669
33 4731
33 4765
33 4819
35 8175
33 4913
35 8257
35 8260
33 4991
33 5020
35 8294
35 8295
33 5071
35 8309
33 5119
35 8386
33 5170
35 8457
33 5219
35 8504
35 8556
33 5239
33 5245
33 5248
35 8560
33 5272
33 5283
33 5303
35 8696
33 5421
35 8815
35 8859
33 5516
35 8865
35 8867
33 5644
35 9020
35 9021
35 9038
33 5768
33 5817
33 5818
35 9200
35 9286
35 9293
33 5952
35 9389
33 6023
33 6028
35 9424
35 9512
33 6146
35 9576
35 9585
35 9626
35 9628
35 9697
33 6257
33 6261
33 6265
33 6288
35 9747
33 6341
33 6356
33 6382
33 6415
33 6421
33 6428
33 6439
33 6509
35 9952
35 10003
33 6576
33 6577
33 6599
35 10093
33 6633
35 10112
35 10118
35 10132
35 10157
35 10163
35 10169
35 10177
33 6723
35 10333
33 6844
33 6886
33 6910
33 6918
33 6965
35 10442
33 6990
33 6997
35 10461
35 10493
33 7054
33 7061
35 10524
33 7166
33 7187
33 7198
35 10675
35 10691
33 7256
35 10754
35 10777
33 7320
33 7321
35 10895
33 7415
35 10904
33 7529
35 11068
33 7561
35 11106
33 7588
35 11140
33 7631
33 7637
35 11204
35 11212
35 11226
35 11231
35 11233
33 7807
35 11341
33 7828
35 11361
33 7847
33 7853
33 7865
33 7879
35 11437
35 11493
33 7952
35 11620
35 11636
33 8104
35 11805
35 11834
35 11840
35 11905
35 11933
33 8314
33 8331
35 11980
33 8368
33 8422
33 8439
35 12117
35 12127
33 8457
35 12141
33 8466
35 12147
35 12246
35 12318
35 12377
35 12384
33 8779
33 8798
33 8812
33 8827
33 8856
35 12538
33 8911
35 12639
33 8953
33 8955
33 8971
33 8978
35 12720
33 9021
35 12818
35 12827
33 9079
33 9108
35 12887
35 12895
35 13041
35 13053
33 9245
35 13123
35 13241
33 9412
35 13287
35 13289
35 13316
35 13326
33 9482
33 9486
33 9528
33 9556
33 9596
35 13475
35 13477
35 13511
33 9679
35 13678
33 9785
35 13712
33 9798
33 9883
33 9929
33 9988
35 13882
33 9996
33 10033
33 10036
33 10047
33 10066
35 14010
35 14032
35 14072
33 10206
35 14112
35 14134
33 10273
33 10374
33 10403
35 14315
33 10423
35 14330
33 10465
35 14375
33 10507
33 10520
33 10531
33 10558
33 10564
33 10566
33 10596
35 14535
33 10617
35 14604
35 14742
35 14758
33 10829
35 14762
35 14763
33 10863
35 14903
33 10929
33 10967
33 10972
35 14941
35 14978
35 15037
35 15043
33 11106
33 11126
35 15098
35 15125
33 11213
33 11217
33 11220
35 15237
33 11233
35 15288
33 11354
35 15378
33 11360
35 15426
33 11377
35 15454
35 15524
33 11455
33 11475
35 15542
35 15549
33 11517
35 15631
33 11593
35 15697
33 11618
33 11673
35 15820
33 11723
35 15858
35 15910
33 11845
33 11866
33 11933
35 15981
33 11963
35 16085
33 12069
33 12079
35 16133
33 12095
35 16172
35 16204
35 16238
33 12274
35 16285
35 16325
33 12458
33 12471
35 16519
33 12498
33 12513
35 16603
33 12666
35 16702
35 16726
35 16744
35 16751
35 16763
35 16768
35 16778
35 16799
35 16837
33 12854
35 16907
35 16926
33 12938
35 16944
35 16969
33 12975
33 13011
35 17051
35 17054
33 13039
35 17079
33 13050
33 13066
35 17097
33 13090
33 13111
35 17171
35 17185
33 13127
35 17242
33 13223
35 17303
35 17339
33 13269
35 17346
35 17406
33 13400
35 17587
33 13527
33 13540
33 13542
35 17693
35 17696
35 17748
35 17752
33 13739
35 17904
33 13814
35 17977
33 13837
33 13851
33 13898
35 18093
35 18098
35 18115
33 13934
33 13947
33 13960
33 14007
35 18345
35 18384
33 14214
35 18476
35 18518
35 18519
33 14377
35 18571
33 14391
33 14400
33 14407
35 18597
33 14457
35 18704
33 14578
33 14613
35 18839
33 14643
33 14651
35 18869
33 14678
33 14708
35 19031
33 14804
35 19083
35 19145
33 14911
33 14926
35 19234
35 19295
33 15044
35 19347
33 15172
33 15231
35 19610
35 19641
35 19668
35 19672
33 15444
33 15480
35 19707
35 19725
33 15535
35 19832
35 19892
35 19897
33 15815
33 15858
33 15876
33 15889
33 15892
33 15927
33 15964
33 15989
33 16123
33 16228
33 16265
33 16428
33 16449
33 16577
33 16615
33 16635
33 16671
33 16672
33 16684
33 16719
33 16739
